# LC-R
{'R_sense': 10, 'R_circuit': 10, 'C': 4.7e-07, 'L': 0.000221, 'Vpk': 0.6}
1.000000e+02,2.578099e-02,1.012474e-06,-1.517911e-03,7.389324e-05
1.021002e+02,2.578250e-02,1.477372e-06,-1.547297e-03,6.156270e-05
1.042445e+02,2.578431e-02,1.406011e-06,-1.577835e-03,5.143699e-05
1.064339e+02,2.578539e-02,1.615875e-06,-1.639809e-03,9.310623e-05
1.086692e+02,2.578775e-02,1.029584e-06,-1.648251e-03,8.974360e-05
1.109515e+02,2.578819e-02,1.180956e-06,-1.706666e-03,8.996624e-05
1.132817e+02,2.578850e-02,9.425967e-07,-1.713032e-03,6.777544e-05
1.156609e+02,2.579082e-02,1.107799e-06,-1.770482e-03,1.092089e-04
1.180900e+02,2.579177e-02,9.632178e-07,-1.766557e-03,9.705853e-05
1.205702e+02,2.579315e-02,1.697824e-06,-1.723588e-03,3.883621e-05
1.231024e+02,2.579458e-02,1.350781e-06,-1.908328e-03,1.181524e-04
1.256878e+02,2.579575e-02,1.814308e-06,-1.889140e-03,9.687915e-05
1.283275e+02,2.579578e-02,2.043712e-06,-1.958206e-03,7.754045e-05
1.310227e+02,2.579741e-02,1.468984e-06,-2.004525e-03,5.602432e-05
1.337745e+02,2.579852e-02,1.640232e-06,-2.002733e-03,4.736097e-05
1.365840e+02,2.579826e-02,1.627993e-06,-2.046794e-03,9.601361e-05
1.394526e+02,2.579807e-02,1.227102e-06,-2.152898e-03,7.997206e-05
1.423814e+02,2.579904e-02,1.224345e-06,-2.177460e-03,1.006381e-04
1.453717e+02,2.579951e-02,1.598193e-06,-2.205790e-03,5.837596e-05
1.484248e+02,2.580007e-02,1.267269e-06,-2.242350e-03,9.208080e-05
1.515420e+02,2.580066e-02,1.680786e-06,-2.288547e-03,5.402019e-05
1.547247e+02,2.580080e-02,1.618397e-06,-2.356749e-03,6.668137e-05
1.579743e+02,2.580119e-02,1.437070e-06,-2.422194e-03,5.717192e-05
1.612921e+02,2.580138e-02,1.630571e-06,-2.436417e-03,5.314283e-05
1.646796e+02,2.580202e-02,1.444371e-06,-2.509094e-03,8.519268e-05
1.681382e+02,2.580215e-02,1.934614e-06,-2.569738e-03,6.617378e-05
1.716695e+02,2.580330e-02,1.330068e-06,-2.605321e-03,6.571078e-05
1.752749e+02,2.580297e-02,1.067595e-06,-2.648260e-03,4.610617e-05
1.789560e+02,2.580501e-02,1.636876e-06,-2.701718e-03,5.002404e-05
1.827145e+02,2.580485e-02,1.888606e-06,-2.804675e-03,5.489474e-05
1.865519e+02,2.580598e-02,2.108901e-06,-2.824750e-03,6.347096e-05
1.904699e+02,2.580623e-02,1.591597e-06,-2.862145e-03,5.603328e-05
1.944702e+02,2.580687e-02,1.434250e-06,-2.913397e-03,6.296637e-05
1.985545e+02,2.580733e-02,2.517696e-06,-2.991584e-03,5.624054e-05
2.027245e+02,2.580757e-02,1.833015e-06,-3.080726e-03,6.136183e-05
2.069822e+02,2.580837e-02,1.722597e-06,-3.112022e-03,4.478077e-05
2.113292e+02,2.580947e-02,1.539048e-06,-3.186227e-03,3.028425e-05
2.157676e+02,2.580979e-02,4.098505e-06,-3.269095e-03,3.944077e-05
2.202992e+02,2.580914e-02,3.365485e-06,-3.307671e-03,5.812215e-05
2.249260e+02,2.581021e-02,6.852393e-07,-3.351920e-03,5.625601e-05
2.296499e+02,2.581115e-02,1.502393e-06,-3.470780e-03,6.623214e-05
2.344730e+02,2.581082e-02,1.459745e-06,-3.536296e-03,9.157937e-05
2.393975e+02,2.581193e-02,1.144673e-06,-3.524350e-03,8.147646e-05
2.444253e+02,2.581133e-02,1.562706e-06,-3.705564e-03,4.942000e-05
2.495588e+02,2.581137e-02,7.730878e-07,-3.753972e-03,5.351587e-05
2.548000e+02,2.581219e-02,1.912030e-06,-3.800618e-03,6.523772e-05
2.601514e+02,2.581295e-02,2.154858e-06,-3.913870e-03,8.961493e-05
2.656151e+02,2.581337e-02,1.936073e-06,-3.983030e-03,7.132342e-05
2.711936e+02,2.581354e-02,2.121082e-06,-4.070405e-03,6.925695e-05
2.768893e+02,2.581368e-02,2.017001e-06,-4.156397e-03,6.850148e-05
2.827045e+02,2.581350e-02,2.615374e-06,-4.234541e-03,7.321118e-05
2.886419e+02,2.581532e-02,1.918751e-06,-4.316107e-03,7.484744e-05
2.947040e+02,2.581424e-02,2.063663e-06,-4.407847e-03,6.301930e-05
3.008935e+02,2.581512e-02,2.159977e-06,-4.506643e-03,5.796861e-05
3.072129e+02,2.581559e-02,1.596447e-06,-4.581159e-03,6.228741e-05
3.136650e+02,2.581645e-02,2.833902e-06,-4.715095e-03,7.692770e-05
3.202526e+02,2.581620e-02,2.418954e-06,-4.762502e-03,6.445209e-05
3.269786e+02,2.581708e-02,2.064667e-06,-4.867154e-03,6.709093e-05
3.338459e+02,2.581653e-02,1.593807e-06,-4.959689e-03,8.823137e-05
3.408574e+02,2.581726e-02,1.525133e-06,-5.087666e-03,3.764463e-05
3.480161e+02,2.581771e-02,1.774662e-06,-5.179188e-03,6.185844e-05
3.553252e+02,2.581725e-02,1.703681e-06,-5.273328e-03,5.031356e-05
3.627878e+02,2.581985e-02,1.611743e-06,-5.394162e-03,1.012063e-04
3.704071e+02,2.582012e-02,3.900697e-06,-5.494279e-03,6.126675e-05
3.781864e+02,2.581970e-02,2.705157e-06,-5.621433e-03,6.237953e-05
3.861292e+02,2.582181e-02,2.066766e-06,-5.706202e-03,6.574753e-05
3.942387e+02,2.582298e-02,2.562789e-06,-5.818895e-03,9.166899e-05
4.025186e+02,2.582171e-02,2.865702e-06,-5.944842e-03,8.334186e-05
4.109723e+02,2.582245e-02,4.633256e-06,-6.092274e-03,7.957502e-05
4.196036e+02,2.582214e-02,1.610044e-06,-6.165859e-03,6.059236e-05
4.284162e+02,2.582386e-02,3.553253e-06,-6.335530e-03,7.985634e-05
4.374139e+02,2.582301e-02,3.282357e-06,-6.438833e-03,4.220421e-05
4.466005e+02,2.582380e-02,3.009339e-06,-6.535215e-03,1.206087e-04
4.559801e+02,2.582453e-02,2.402747e-06,-6.698494e-03,7.405316e-05
4.655566e+02,2.582575e-02,2.288724e-06,-6.837126e-03,8.902534e-05
4.753343e+02,2.582646e-02,3.782851e-06,-6.949451e-03,9.898952e-05
4.853174e+02,2.582655e-02,1.714169e-06,-7.102667e-03,4.968941e-05
4.955101e+02,2.582728e-02,3.365776e-06,-7.249061e-03,4.731869e-05
5.059168e+02,2.582641e-02,2.075743e-06,-7.403013e-03,4.519160e-05
5.165422e+02,2.582800e-02,5.625387e-06,-7.539799e-03,6.441026e-05
5.273907e+02,2.582768e-02,3.771985e-06,-7.689518e-03,3.924686e-05
5.384670e+02,2.582904e-02,3.237487e-06,-7.838343e-03,7.785414e-05
5.497760e+02,2.583004e-02,6.395816e-06,-8.005080e-03,5.961889e-05
5.613224e+02,2.583122e-02,2.972799e-06,-8.173243e-03,1.314603e-04
5.731114e+02,2.583168e-02,3.173654e-06,-8.304061e-03,1.131884e-04
5.851480e+02,2.583083e-02,2.309523e-06,-8.477460e-03,1.280825e-04
5.974374e+02,2.583261e-02,6.462049e-06,-8.661740e-03,5.733263e-05
6.099848e+02,2.583229e-02,3.026617e-06,-8.852186e-03,7.784622e-05
6.227958e+02,2.583383e-02,2.953278e-06,-8.995105e-03,4.380364e-05
6.358759e+02,2.583259e-02,5.798610e-06,-9.135507e-03,6.148330e-05
6.492306e+02,2.583414e-02,5.230821e-06,-9.339237e-03,9.181474e-05
6.628659e+02,2.583515e-02,2.893522e-06,-9.538561e-03,1.134578e-04
6.767875e+02,2.583600e-02,6.693927e-06,-9.744033e-03,7.765208e-05
6.910015e+02,2.583595e-02,6.635516e-06,-9.916636e-03,9.402216e-05
7.055140e+02,2.583605e-02,3.319509e-06,-1.012007e-02,1.314892e-04
7.203313e+02,2.583771e-02,2.265977e-06,-1.031772e-02,8.510747e-05
7.354598e+02,2.583887e-02,2.702287e-06,-1.054145e-02,1.449866e-04
7.509060e+02,2.584040e-02,3.429714e-06,-1.075707e-02,1.077121e-04
7.666767e+02,2.584013e-02,3.082165e-06,-1.098036e-02,7.879026e-05
7.827785e+02,2.584283e-02,3.333412e-06,-1.116555e-02,1.433384e-04
7.992185e+02,2.584220e-02,7.267857e-06,-1.137200e-02,1.578472e-04
8.160039e+02,2.584349e-02,7.067490e-06,-1.167489e-02,7.271520e-05
8.331417e+02,2.584529e-02,7.934168e-06,-1.187671e-02,8.546253e-05
8.506394e+02,2.584561e-02,4.234474e-06,-1.207924e-02,1.508693e-04
8.685047e+02,2.584609e-02,2.632749e-06,-1.231944e-02,7.733580e-05
8.867452e+02,2.584772e-02,5.331130e-06,-1.258647e-02,1.180953e-04
9.053687e+02,2.584920e-02,6.238198e-06,-1.281264e-02,1.591138e-04
9.243834e+02,2.584929e-02,2.703675e-06,-1.311280e-02,8.156758e-05
9.437974e+02,2.585209e-02,3.984561e-06,-1.335483e-02,1.444409e-04
9.636192e+02,2.585125e-02,4.601890e-06,-1.359231e-02,1.862644e-04
9.838573e+02,2.585310e-02,4.441406e-06,-1.391105e-02,4.896519e-05
1.004520e+03,2.585325e-02,4.732515e-06,-1.414112e-02,7.585013e-05
1.025617e+03,2.585629e-02,3.113267e-06,-1.443359e-02,1.113897e-04
1.047158e+03,2.585641e-02,2.970665e-06,-1.474767e-02,2.462769e-04
1.069150e+03,2.585936e-02,4.849037e-06,-1.501885e-02,1.406698e-04
1.091605e+03,2.585627e-02,2.990373e-06,-1.528638e-02,1.518496e-04
1.114531e+03,2.586055e-02,4.953029e-06,-1.561045e-02,1.195876e-04
1.137938e+03,2.586323e-02,4.231760e-06,-1.592259e-02,1.274583e-04
1.161837e+03,2.586452e-02,4.198816e-06,-1.618810e-02,1.854249e-04
1.186238e+03,2.586337e-02,6.779708e-06,-1.657056e-02,6.753948e-05
1.211152e+03,2.549336e-02,1.297246e-03,-1.706606e-02,9.749811e-04
1.236589e+03,2.586761e-02,6.426863e-06,-1.724948e-02,1.527322e-04
1.262560e+03,2.586869e-02,4.913715e-06,-1.759743e-02,2.402534e-04
1.289076e+03,2.586879e-02,3.609986e-06,-1.794051e-02,2.480708e-04
1.316150e+03,2.587062e-02,7.507005e-06,-1.830769e-02,2.063051e-04
1.343792e+03,2.587411e-02,8.283893e-06,-1.858021e-02,9.221443e-05
1.372014e+03,2.587453e-02,7.284799e-06,-1.901068e-02,1.838021e-04
1.400829e+03,2.587713e-02,1.047180e-05,-1.943992e-02,2.657778e-04
1.430250e+03,2.587654e-02,8.521802e-06,-1.983431e-02,1.225592e-04
1.460288e+03,2.587983e-02,1.029380e-05,-2.019481e-02,2.101123e-04
1.490957e+03,2.588228e-02,4.058877e-06,-2.058439e-02,1.577981e-04
1.522271e+03,2.588433e-02,8.890361e-06,-2.094431e-02,9.986893e-05
1.554242e+03,2.588651e-02,3.936166e-06,-2.140987e-02,1.866127e-04
1.586884e+03,2.588856e-02,1.534643e-05,-2.185095e-02,1.951370e-04
1.620212e+03,2.588849e-02,1.117058e-05,-2.230360e-02,1.113591e-04
1.654240e+03,2.588980e-02,1.110379e-05,-2.273009e-02,1.204741e-04
1.688983e+03,2.589315e-02,1.112184e-05,-2.325975e-02,1.229332e-04
1.724455e+03,2.589480e-02,1.652556e-05,-2.361976e-02,1.168531e-04
1.760672e+03,2.589997e-02,5.807153e-06,-2.414238e-02,1.054800e-04
1.797650e+03,2.589991e-02,6.651846e-06,-2.470263e-02,1.477416e-04
1.835404e+03,2.590239e-02,1.537043e-05,-2.515415e-02,4.102521e-04
1.873952e+03,2.590545e-02,2.413973e-05,-2.563630e-02,2.241145e-04
1.913309e+03,2.590852e-02,1.115174e-05,-2.617768e-02,1.582734e-04
1.953492e+03,2.591315e-02,1.592176e-05,-2.664433e-02,3.664467e-04
1.994520e+03,2.591629e-02,6.931689e-06,-2.723554e-02,2.466918e-04
2.036409e+03,2.591794e-02,3.968414e-06,-2.785862e-02,1.318894e-04
2.079178e+03,2.592207e-02,1.357662e-05,-2.842697e-02,2.835947e-04
2.122845e+03,2.592785e-02,1.067883e-05,-2.888336e-02,2.756786e-04
2.167430e+03,2.592835e-02,8.370265e-06,-2.954631e-02,5.529506e-04
2.212950e+03,2.592940e-02,2.295607e-05,-3.023350e-02,4.868357e-04
2.259427e+03,2.593482e-02,2.424832e-05,-3.078936e-02,2.517463e-04
2.306880e+03,2.593859e-02,1.580464e-05,-3.141865e-02,3.908343e-04
2.355329e+03,2.594526e-02,2.707175e-05,-3.209785e-02,1.254313e-04
2.404796e+03,2.594775e-02,5.970454e-06,-3.278052e-02,1.057691e-04
2.455302e+03,2.594759e-02,2.451761e-05,-3.341892e-02,1.424128e-04
2.506869e+03,2.595252e-02,1.478019e-05,-3.410409e-02,2.587679e-04
2.559518e+03,2.596029e-02,1.060169e-05,-3.474240e-02,3.756984e-04
2.613274e+03,2.596638e-02,2.202349e-05,-3.557177e-02,5.160380e-04
2.668158e+03,2.596985e-02,1.665870e-05,-3.631607e-02,5.511583e-04
2.724195e+03,2.597315e-02,1.581025e-05,-3.701506e-02,5.237405e-04
2.781409e+03,2.597568e-02,1.821555e-05,-3.784112e-02,7.456484e-04
2.839825e+03,2.598586e-02,2.013422e-05,-3.866979e-02,5.472798e-04
2.899467e+03,2.599006e-02,1.440217e-05,-3.947851e-02,3.320261e-04
2.960362e+03,2.599576e-02,9.504546e-06,-4.022050e-02,3.585661e-04
3.022536e+03,2.600024e-02,2.342893e-05,-4.102799e-02,1.237943e-04
3.086016e+03,2.601234e-02,1.070023e-05,-4.203651e-02,1.901800e-04
3.150829e+03,2.601906e-02,1.579821e-05,-4.270002e-02,5.870473e-04
3.217003e+03,2.602257e-02,3.301257e-05,-4.370451e-02,7.193048e-04
3.284567e+03,2.602847e-02,2.484461e-05,-4.468386e-02,1.282923e-03
3.353550e+03,2.603294e-02,3.917436e-05,-4.548334e-02,1.500978e-03
3.423982e+03,2.603932e-02,4.033595e-05,-4.672113e-02,1.636164e-03
3.495893e+03,2.605757e-02,4.255065e-05,-4.764691e-02,2.366449e-03
3.569314e+03,2.605540e-02,4.748126e-05,-4.859589e-02,2.075645e-03
3.644277e+03,2.606638e-02,6.694280e-05,-4.989687e-02,2.686695e-03
3.720815e+03,2.607425e-02,6.091387e-05,-5.048654e-02,2.779713e-03
3.798960e+03,2.608473e-02,8.618974e-05,-5.160834e-02,2.547034e-03
3.878746e+03,2.612175e-02,7.595865e-05,-5.289351e-02,3.068358e-03
3.960208e+03,2.607834e-02,6.733602e-05,-5.525369e-02,2.668126e-03
4.043381e+03,2.615026e-02,6.601656e-06,-5.634612e-02,1.934250e-04
4.128301e+03,2.607962e-02,6.991230e-05,-5.504616e-02,2.621370e-03
4.215004e+03,2.614294e-02,8.930476e-05,-5.811167e-02,2.791010e-03
4.303528e+03,2.614340e-02,6.747362e-05,-5.854709e-02,2.474047e-03
4.393912e+03,2.615759e-02,6.258463e-05,-5.980986e-02,2.883725e-03
4.486193e+03,2.617479e-02,9.059287e-05,-6.151799e-02,3.082592e-03
4.580413e+03,2.618501e-02,5.875203e-05,-6.296959e-02,1.473355e-03
4.676611e+03,2.620593e-02,4.636809e-05,-6.430848e-02,2.045009e-03
4.774830e+03,2.622491e-02,6.157025e-05,-6.604754e-02,2.271949e-03
4.875112e+03,2.623980e-02,6.108929e-05,-6.735479e-02,1.556626e-03
4.977500e+03,2.625345e-02,5.138974e-05,-6.846985e-02,1.586396e-03
5.082038e+03,2.627772e-02,3.524964e-05,-7.033337e-02,1.721659e-03
5.188772e+03,2.629618e-02,3.770122e-05,-7.192870e-02,1.380774e-03
5.297747e+03,2.631955e-02,4.209343e-05,-7.347038e-02,1.884126e-03
5.409011e+03,2.633041e-02,3.269801e-05,-7.534942e-02,1.564290e-03
5.522612e+03,2.635809e-02,3.227590e-05,-7.682264e-02,1.675124e-03
5.638599e+03,2.638838e-02,3.034919e-05,-7.864500e-02,1.149964e-03
5.757021e+03,2.640897e-02,2.974618e-05,-8.014136e-02,1.110068e-03
5.877931e+03,2.643119e-02,1.629422e-05,-8.229154e-02,6.660087e-04
6.001380e+03,2.645043e-02,2.840359e-05,-8.401904e-02,5.288257e-04
6.127422e+03,2.647983e-02,3.654725e-05,-8.527835e-02,4.671005e-04
6.256111e+03,2.651465e-02,3.336319e-05,-8.774170e-02,6.594598e-04
6.387503e+03,2.654762e-02,7.816833e-05,-8.956160e-02,1.468321e-03
6.521654e+03,2.659586e-02,5.078148e-05,-9.148719e-02,1.773806e-03
6.658623e+03,2.661345e-02,8.419372e-05,-9.333733e-02,2.339009e-03
6.798468e+03,2.664549e-02,8.712293e-05,-9.591846e-02,2.473742e-03
6.941251e+03,2.669192e-02,1.091261e-04,-9.811447e-02,6.270538e-04
7.087032e+03,2.673179e-02,1.017939e-04,-1.000297e-01,3.315955e-03
7.235875e+03,2.675945e-02,1.082603e-04,-1.020430e-01,4.601753e-03
7.387844e+03,2.683571e-02,1.072763e-04,-1.052118e-01,4.930749e-03
7.543004e+03,2.686154e-02,1.247219e-04,-1.071170e-01,5.079508e-03
7.701424e+03,2.687526e-02,1.245152e-04,-1.101919e-01,5.527463e-03
7.863170e+03,2.694851e-02,1.445308e-04,-1.122022e-01,5.299313e-03
8.028313e+03,2.710929e-02,5.657000e-05,-1.209789e-01,1.638428e-03
8.196925e+03,2.715992e-02,1.079925e-04,-1.132029e-01,2.586819e-03
8.369078e+03,2.715630e-02,1.274154e-04,-1.209830e-01,4.725100e-03
8.544847e+03,2.726047e-02,1.237847e-04,-1.236381e-01,5.223723e-03
8.724307e+03,2.729746e-02,1.349678e-04,-1.268821e-01,4.398903e-03
8.907536e+03,2.737485e-02,1.614844e-04,-1.303671e-01,4.019011e-03
9.094614e+03,2.746251e-02,1.548782e-04,-1.329171e-01,2.944079e-03
9.285620e+03,2.757131e-02,1.011157e-04,-1.361915e-01,4.320339e-03
9.480638e+03,2.768099e-02,9.448939e-05,-1.386134e-01,4.105898e-03
9.679752e+03,2.775782e-02,3.948685e-05,-1.428826e-01,5.067665e-03
9.883047e+03,2.788728e-02,1.484441e-04,-1.466328e-01,3.435346e-03
1.009061e+04,2.801227e-02,6.773228e-05,-1.496958e-01,3.904886e-03
1.030254e+04,2.818031e-02,7.434543e-05,-1.524789e-01,1.957077e-03
1.051891e+04,2.833115e-02,6.461509e-05,-1.556824e-01,2.779708e-03
1.073983e+04,2.849251e-02,7.349525e-05,-1.592985e-01,2.255834e-03
1.096539e+04,2.865245e-02,5.171127e-05,-1.621926e-01,2.121112e-03
1.119569e+04,2.885172e-02,4.093681e-05,-1.650063e-01,1.777318e-03
1.143082e+04,2.907348e-02,4.631339e-05,-1.678542e-01,1.549665e-03
1.167089e+04,2.929989e-02,6.202372e-05,-1.704063e-01,1.912821e-03
1.191601e+04,2.950061e-02,2.638170e-04,-1.735469e-01,1.049629e-03
1.216627e+04,2.979560e-02,2.883096e-05,-1.750878e-01,8.101847e-04
1.242179e+04,3.008349e-02,5.743770e-05,-1.747525e-01,9.572765e-04
1.268267e+04,3.039130e-02,2.063361e-04,-1.748716e-01,2.726441e-03
1.294903e+04,3.072588e-02,2.308033e-04,-1.744524e-01,2.571927e-03
1.322099e+04,3.106688e-02,6.267456e-05,-1.729864e-01,2.734064e-03
1.349866e+04,3.151431e-02,7.482102e-05,-1.697567e-01,1.966932e-03
1.378216e+04,3.189128e-02,9.841510e-05,-1.651939e-01,1.950038e-03
1.407162e+04,3.235544e-02,1.102379e-04,-1.587149e-01,1.984227e-03
1.436715e+04,3.271856e-02,9.883357e-05,-1.499484e-01,3.948696e-03
1.466889e+04,3.316771e-02,3.171954e-04,-1.391316e-01,3.293245e-03
1.497697e+04,3.362910e-02,9.425442e-05,-1.262731e-01,3.192002e-03
1.529152e+04,3.404300e-02,1.565307e-04,-1.099866e-01,3.601877e-03
1.561267e+04,3.439574e-02,1.324164e-04,-9.074191e-02,3.396005e-03
1.594057e+04,3.462493e-02,8.516234e-05,-6.997323e-02,3.153751e-03
1.627536e+04,3.484630e-02,6.020656e-05,-5.022732e-02,1.161644e-03
1.661718e+04,3.505199e-02,1.367718e-04,-2.344069e-02,2.664182e-03
1.696617e+04,3.508468e-02,1.621006e-04,2.785857e-03,3.137323e-03
1.732250e+04,3.512544e-02,1.486834e-04,2.882079e-02,3.384687e-03
1.768631e+04,3.493698e-02,1.379489e-04,5.372153e-02,3.182809e-03
1.805776e+04,3.474418e-02,1.132207e-04,7.731513e-02,2.977007e-03
1.843701e+04,3.436474e-02,1.000489e-04,9.887965e-02,4.294065e-03
1.882423e+04,3.402782e-02,1.841981e-04,1.188503e-01,2.325231e-03
1.921958e+04,3.363900e-02,8.707453e-05,1.350533e-01,2.937835e-03
1.962323e+04,3.307286e-02,2.300004e-04,1.497470e-01,4.000382e-03
2.003536e+04,3.269957e-02,2.944880e-04,1.621937e-01,2.296290e-03
2.045615e+04,3.219114e-02,5.099123e-05,1.684634e-01,4.200793e-03
2.088577e+04,3.178918e-02,1.199529e-04,1.765443e-01,3.638927e-03
2.132442e+04,3.132389e-02,3.347113e-04,1.816552e-01,1.849528e-03
2.177227e+04,3.090473e-02,5.121897e-04,1.849834e-01,2.966553e-03
2.222954e+04,3.065336e-02,7.572605e-05,1.859860e-01,2.041419e-03
2.269641e+04,3.029546e-02,1.412879e-04,1.872061e-01,3.290782e-03
2.317308e+04,2.990391e-02,3.433536e-04,1.861538e-01,2.801798e-03
2.365976e+04,2.943259e-02,8.086508e-04,1.854706e-01,4.488887e-03
2.415667e+04,2.943298e-02,1.495964e-04,1.822302e-01,9.695202e-04
2.466401e+04,2.896461e-02,5.311836e-04,1.790291e-01,3.505064e-03
2.518201e+04,2.890700e-02,7.070152e-05,1.774374e-01,2.119597e-03
2.571089e+04,2.846698e-02,6.833636e-04,1.748213e-01,2.911018e-03
2.625087e+04,2.844552e-02,7.163578e-05,1.704084e-01,3.142977e-03
2.680219e+04,2.805641e-02,5.290414e-04,1.672124e-01,2.128224e-03
2.736510e+04,2.798212e-02,2.291582e-04,1.639014e-01,2.111238e-03
2.793982e+04,2.794381e-02,9.206008e-05,1.599118e-01,2.519583e-03
2.852662e+04,2.787644e-02,6.999734e-05,1.551007e-01,2.582705e-03
2.912574e+04,2.771486e-02,5.508427e-05,1.522131e-01,2.928347e-03
2.973744e+04,2.729524e-02,8.631197e-04,1.486815e-01,2.918513e-03
3.036199e+04,2.723191e-02,7.642449e-04,1.453655e-01,3.555652e-03
3.099966e+04,2.715532e-02,5.227221e-04,1.403889e-01,4.277690e-03
3.165072e+04,2.698084e-02,5.529445e-04,1.377584e-01,3.653031e-03
3.231545e+04,2.680115e-02,1.052875e-03,1.336556e-01,2.698719e-03
3.299415e+04,2.677019e-02,1.236266e-03,1.323989e-01,4.228032e-03
3.368709e+04,2.703141e-02,6.432255e-05,1.271654e-01,1.975188e-03
3.439460e+04,2.694628e-02,1.615892e-04,1.238233e-01,1.886637e-03
3.511696e+04,2.681586e-02,1.818142e-04,1.207451e-01,3.242155e-03
3.585449e+04,2.651381e-02,1.180991e-03,1.177835e-01,2.353404e-03
3.660751e+04,2.680229e-02,3.515907e-05,1.149079e-01,2.839143e-03
3.737634e+04,2.670425e-02,3.593996e-05,1.120223e-01,2.800754e-03
3.816133e+04,2.649805e-02,7.208308e-04,1.090329e-01,2.827931e-03
3.896280e+04,2.663304e-02,8.672840e-05,1.061491e-01,1.398680e-03
3.978110e+04,2.647016e-02,2.316513e-04,1.035795e-01,3.092633e-03
4.061659e+04,2.611539e-02,1.040970e-03,9.956931e-02,3.200299e-03
4.146962e+04,2.643066e-02,8.183666e-05,9.894447e-02,1.459473e-03
4.234058e+04,2.590943e-02,1.820106e-03,9.660339e-02,3.281595e-03
4.322982e+04,2.635436e-02,1.255282e-04,9.371512e-02,1.283286e-03
4.413774e+04,2.645826e-02,2.493392e-05,9.163495e-02,2.192142e-03
4.506473e+04,2.602264e-02,9.955107e-04,8.931054e-02,1.895653e-03
4.601118e+04,2.634348e-02,1.956992e-04,8.712685e-02,1.674823e-03
4.697751e+04,2.569958e-02,1.770254e-03,8.508154e-02,1.213096e-03
4.796414e+04,2.605572e-02,5.317097e-04,8.235069e-02,3.479043e-03
4.897149e+04,2.621910e-02,2.949235e-04,8.069178e-02,1.003899e-03
5.000000e+04,2.628069e-02,4.437529e-05,7.890138e-02,1.610406e-03
