# RC-L
{'R_sense': 10, 'R_circuit': 10, 'C': 4.7e-07, 'L': 0.000221, 'Vpk': 0.6}
1.000000e+02,4.306651e-02,2.889727e-06,1.410702e-02,4.439233e-05
1.021002e+02,4.307930e-02,1.768239e-06,1.440342e-02,7.403082e-05
1.042445e+02,4.308874e-02,2.465296e-06,1.467180e-02,7.879737e-05
1.064339e+02,4.309809e-02,1.583013e-06,1.500851e-02,7.241115e-05
1.086692e+02,4.310332e-02,1.936203e-06,1.531180e-02,9.494454e-05
1.109515e+02,4.310839e-02,4.731663e-06,1.564893e-02,6.892786e-05
1.132817e+02,4.311236e-02,1.724242e-06,1.595614e-02,1.019875e-04
1.156609e+02,4.311772e-02,2.278014e-06,1.629946e-02,7.804977e-05
1.180900e+02,4.312189e-02,1.775432e-06,1.669384e-02,6.344974e-05
1.205702e+02,4.312431e-02,1.792501e-06,1.693885e-02,4.634945e-05
1.231024e+02,4.312841e-02,1.441519e-06,1.730248e-02,8.013774e-05
1.256878e+02,4.313595e-02,3.003582e-06,1.769554e-02,8.795783e-05
1.283275e+02,4.313813e-02,2.500914e-06,1.807233e-02,8.161618e-05
1.310227e+02,4.313782e-02,2.310519e-06,1.848389e-02,6.946015e-05
1.337745e+02,4.314177e-02,3.172569e-06,1.885253e-02,8.628772e-05
1.365840e+02,4.314339e-02,1.743523e-06,1.927673e-02,6.526151e-05
1.394526e+02,4.314378e-02,2.111889e-06,1.964305e-02,7.023247e-05
1.423814e+02,4.314466e-02,1.732650e-06,2.006040e-02,7.952601e-05
1.453717e+02,4.314743e-02,3.101583e-06,2.045887e-02,5.604134e-05
1.484248e+02,4.315015e-02,1.316256e-06,2.092775e-02,3.777934e-05
1.515420e+02,4.314992e-02,2.074974e-06,2.133833e-02,5.117526e-05
1.547247e+02,4.315011e-02,1.674032e-06,2.180621e-02,4.535854e-05
1.579743e+02,4.315375e-02,2.203856e-06,2.225360e-02,3.329920e-05
1.612921e+02,4.315481e-02,2.132971e-06,2.273727e-02,5.692234e-05
1.646796e+02,4.315693e-02,2.515488e-06,2.320241e-02,4.522996e-05
1.681382e+02,4.315582e-02,2.527114e-06,2.366898e-02,4.379036e-05
1.716695e+02,4.315811e-02,2.584523e-06,2.415364e-02,5.377911e-05
1.752749e+02,4.315996e-02,1.740641e-06,2.467218e-02,2.798452e-05
1.789560e+02,4.315754e-02,1.733087e-06,2.522599e-02,3.208874e-05
1.827145e+02,4.315866e-02,9.141930e-07,2.571547e-02,2.936228e-05
1.865519e+02,4.315949e-02,1.510713e-06,2.627206e-02,3.494579e-05
1.904699e+02,4.316045e-02,1.376425e-06,2.684695e-02,3.941208e-05
1.944702e+02,4.316027e-02,1.832983e-06,2.738246e-02,4.858650e-05
1.985545e+02,4.316060e-02,9.463484e-07,2.797210e-02,3.606084e-05
2.027245e+02,4.316154e-02,3.224283e-06,2.857136e-02,4.070823e-05
2.069822e+02,4.316171e-02,1.636328e-06,2.915332e-02,5.008042e-05
2.113292e+02,4.315946e-02,3.930346e-06,2.975041e-02,4.438898e-05
2.157676e+02,4.315907e-02,3.444157e-06,3.038462e-02,5.491033e-05
2.202992e+02,4.315839e-02,3.782778e-06,3.103676e-02,4.168997e-05
2.249260e+02,4.315537e-02,3.488500e-06,3.166486e-02,4.655635e-05
2.296499e+02,4.316012e-02,1.729111e-06,3.232760e-02,5.287761e-05
2.344730e+02,4.315997e-02,4.179956e-06,3.302151e-02,4.894356e-05
2.393975e+02,4.316100e-02,2.960797e-06,3.367020e-02,3.699589e-05
2.444253e+02,4.315953e-02,2.885669e-06,3.441608e-02,4.822129e-05
2.495588e+02,4.316183e-02,1.527616e-06,3.512881e-02,6.531038e-05
2.548000e+02,4.316216e-02,1.034286e-06,3.587354e-02,6.677402e-05
2.601514e+02,4.316162e-02,2.593055e-06,3.660932e-02,4.604243e-05
2.656151e+02,4.316281e-02,3.951923e-06,3.738791e-02,3.693222e-05
2.711936e+02,4.315994e-02,1.856395e-06,3.817031e-02,3.362511e-05
2.768893e+02,4.316135e-02,3.804378e-06,3.895566e-02,4.211704e-05
2.827045e+02,4.316004e-02,5.395079e-06,3.977461e-02,6.982555e-05
2.886419e+02,4.316109e-02,2.730788e-06,4.061917e-02,5.352696e-05
2.947040e+02,4.316146e-02,1.835585e-06,4.145839e-02,3.765908e-05
3.008935e+02,4.316218e-02,4.006214e-06,4.233374e-02,5.482165e-05
3.072129e+02,4.315976e-02,2.114087e-06,4.323716e-02,4.347524e-05
3.136650e+02,4.315711e-02,2.958202e-06,4.414029e-02,7.218893e-05
3.202526e+02,4.315738e-02,3.097217e-06,4.504723e-02,5.172116e-05
3.269786e+02,4.316078e-02,4.215365e-06,4.599444e-02,4.216046e-05
3.338459e+02,4.315674e-02,1.809223e-06,4.697090e-02,3.775046e-05
3.408574e+02,4.315565e-02,3.687148e-06,4.792958e-02,4.748097e-05
3.480161e+02,4.315683e-02,2.751395e-06,4.895153e-02,4.020906e-05
3.553252e+02,4.315296e-02,2.410189e-06,4.994293e-02,4.126088e-05
3.627878e+02,4.315225e-02,3.688311e-06,5.098906e-02,6.346345e-05
3.704071e+02,4.314992e-02,2.017935e-06,5.207003e-02,5.822583e-05
3.781864e+02,4.314956e-02,2.164394e-06,5.313638e-02,3.724090e-05
3.861292e+02,4.314868e-02,3.785719e-06,5.427159e-02,5.316955e-05
3.942387e+02,4.314465e-02,6.673350e-06,5.539983e-02,3.420275e-05
4.025186e+02,4.314456e-02,1.936124e-06,5.658597e-02,4.695870e-05
4.109723e+02,4.314566e-02,6.826765e-06,5.777250e-02,6.857575e-05
4.196036e+02,4.314303e-02,3.430211e-06,5.894840e-02,4.291209e-05
4.284162e+02,4.314218e-02,6.679659e-06,6.018399e-02,7.892900e-05
4.374139e+02,4.314247e-02,4.589326e-06,6.146700e-02,4.368664e-05
4.466005e+02,4.313866e-02,4.728936e-06,6.277214e-02,4.215961e-05
4.559801e+02,4.313628e-02,2.603779e-06,6.404595e-02,6.699170e-05
4.655566e+02,4.313497e-02,2.695454e-06,6.539582e-02,4.592312e-05
4.753343e+02,4.313021e-02,2.184996e-06,6.676052e-02,6.097374e-05
4.853174e+02,4.312805e-02,3.244826e-06,6.814372e-02,6.998671e-05
4.955101e+02,4.312707e-02,4.689587e-06,6.955225e-02,4.790181e-05
5.059168e+02,4.312003e-02,8.905268e-06,7.103239e-02,2.960323e-05
5.165422e+02,4.311372e-02,7.845693e-06,7.250303e-02,6.690259e-05
5.273907e+02,4.311391e-02,2.275709e-06,7.403710e-02,2.699886e-05
5.384670e+02,4.311197e-02,2.843138e-06,7.554339e-02,4.990232e-05
5.497760e+02,4.310675e-02,6.874115e-06,7.715618e-02,6.985226e-05
5.613224e+02,4.310257e-02,3.582996e-06,7.872398e-02,6.148056e-05
5.731114e+02,4.309857e-02,3.255735e-06,8.039238e-02,3.731691e-05
5.851480e+02,4.309302e-02,2.981340e-06,8.206212e-02,6.870172e-05
5.974374e+02,4.308459e-02,5.721224e-06,8.376220e-02,8.498206e-05
6.099848e+02,4.308125e-02,4.129194e-06,8.547215e-02,3.229652e-05
6.227958e+02,4.307530e-02,2.505744e-06,8.730429e-02,4.462373e-05
6.358759e+02,4.307125e-02,8.273949e-06,8.908112e-02,6.237549e-05
6.492306e+02,4.306741e-02,2.167668e-06,9.095625e-02,5.117992e-05
6.628659e+02,4.305972e-02,6.765636e-06,9.287269e-02,8.856980e-05
6.767875e+02,4.305494e-02,9.089197e-06,9.477303e-02,6.836377e-05
6.910015e+02,4.304779e-02,2.563529e-06,9.674161e-02,5.932694e-05
7.055140e+02,4.304143e-02,4.981262e-06,9.873110e-02,4.878684e-05
7.203313e+02,4.303376e-02,9.902665e-06,1.007921e-01,4.344600e-05
7.354598e+02,4.302849e-02,2.852813e-06,1.028798e-01,3.627854e-05
7.509060e+02,4.301910e-02,3.573060e-06,1.050141e-01,9.637197e-05
7.666767e+02,4.300998e-02,3.294451e-06,1.072318e-01,1.155013e-04
7.827785e+02,4.300061e-02,7.034648e-06,1.094365e-01,6.756538e-05
7.992185e+02,4.299198e-02,5.679071e-06,1.117350e-01,7.995297e-05
8.160039e+02,4.298410e-02,5.709613e-06,1.140122e-01,5.491639e-05
8.331417e+02,4.297439e-02,5.115982e-06,1.163492e-01,8.717772e-05
8.506394e+02,4.296276e-02,5.981597e-06,1.187742e-01,8.318554e-05
8.685047e+02,4.295578e-02,4.688072e-06,1.212357e-01,5.480446e-05
8.867452e+02,4.294393e-02,3.413088e-06,1.237669e-01,9.899918e-05
9.053687e+02,4.293098e-02,8.373429e-06,1.263167e-01,9.783747e-05
9.243834e+02,4.292086e-02,9.314257e-06,1.289111e-01,6.920171e-05
9.437974e+02,4.290456e-02,5.466757e-06,1.315797e-01,8.507115e-05
9.636192e+02,4.289461e-02,7.081232e-06,1.342547e-01,9.671163e-05
9.838573e+02,4.288397e-02,3.255622e-06,1.370643e-01,6.145239e-05
1.004520e+03,4.286958e-02,4.033302e-06,1.399026e-01,7.065261e-05
1.025617e+03,4.285460e-02,6.145758e-06,1.427816e-01,6.465505e-05
1.047158e+03,4.284301e-02,5.924317e-06,1.457095e-01,5.357654e-05
1.069150e+03,4.282486e-02,4.761378e-06,1.487042e-01,8.415882e-05
1.091605e+03,4.281001e-02,6.300835e-06,1.517309e-01,5.967286e-05
1.114531e+03,4.279012e-02,6.102056e-06,1.548681e-01,1.246887e-04
1.137938e+03,4.277608e-02,8.414445e-06,1.580528e-01,1.228169e-04
1.161837e+03,4.275124e-02,5.587025e-06,1.613082e-01,7.157464e-05
1.186238e+03,4.273725e-02,5.292428e-06,1.645681e-01,9.793319e-05
1.211152e+03,4.271653e-02,1.765409e-06,1.679608e-01,6.662544e-05
1.236589e+03,4.269393e-02,6.757916e-06,1.714072e-01,1.472618e-04
1.262560e+03,4.267340e-02,6.429706e-06,1.748900e-01,5.332003e-05
1.289076e+03,4.265012e-02,7.423945e-06,1.784857e-01,1.566316e-04
1.316150e+03,4.262615e-02,1.159931e-05,1.821258e-01,1.445962e-04
1.343792e+03,4.260747e-02,1.301553e-05,1.857913e-01,1.114128e-04
1.372014e+03,4.258026e-02,7.075310e-06,1.896039e-01,6.849569e-05
1.400829e+03,4.255656e-02,1.528014e-05,1.934610e-01,1.624095e-04
1.430250e+03,4.252747e-02,1.767210e-05,1.974143e-01,1.886334e-04
1.460288e+03,4.249765e-02,8.612592e-06,2.013955e-01,1.360523e-04
1.490957e+03,4.247424e-02,6.385962e-06,2.054164e-01,1.074978e-04
1.522271e+03,4.244201e-02,1.202191e-05,2.096458e-01,1.069844e-04
1.554242e+03,4.241354e-02,7.802365e-06,2.138565e-01,1.518191e-04
1.586884e+03,4.238401e-02,2.082397e-05,2.181550e-01,1.903823e-04
1.620212e+03,4.234705e-02,2.200487e-05,2.225728e-01,2.825631e-04
1.654240e+03,4.231190e-02,7.648839e-06,2.270570e-01,2.165162e-04
1.688983e+03,4.227578e-02,1.090252e-05,2.316512e-01,1.957550e-04
1.724455e+03,4.224373e-02,1.876516e-05,2.362651e-01,2.540809e-04
1.760672e+03,4.220421e-02,4.864702e-06,2.410506e-01,1.696392e-04
1.797650e+03,4.215991e-02,2.882113e-05,2.458445e-01,2.297945e-04
1.835404e+03,4.211404e-02,1.036783e-05,2.507137e-01,2.084621e-04
1.873952e+03,4.207052e-02,3.954492e-05,2.557845e-01,4.563003e-04
1.913309e+03,4.202916e-02,7.012029e-06,2.608865e-01,7.375164e-05
1.953492e+03,4.198309e-02,8.717716e-06,2.659950e-01,1.819215e-04
1.994520e+03,4.193077e-02,9.737048e-06,2.712644e-01,1.499757e-04
2.036409e+03,4.187896e-02,7.313667e-06,2.766985e-01,6.784492e-05
2.079178e+03,4.182534e-02,3.343271e-05,2.821009e-01,4.679873e-04
2.122845e+03,4.176932e-02,1.478229e-05,2.877292e-01,2.816598e-04
2.167430e+03,4.171451e-02,1.144892e-05,2.934052e-01,2.543697e-04
2.212950e+03,4.165544e-02,2.392169e-05,2.991641e-01,3.742152e-04
2.259427e+03,4.159431e-02,1.289341e-05,3.050455e-01,4.846288e-04
2.306880e+03,4.152838e-02,2.418717e-05,3.110086e-01,5.009743e-04
2.355329e+03,4.145842e-02,4.214841e-05,3.170446e-01,5.434262e-04
2.404796e+03,4.139463e-02,2.372628e-05,3.232504e-01,4.397238e-04
2.455302e+03,4.132150e-02,3.901661e-05,3.294636e-01,6.134233e-04
2.506869e+03,4.124766e-02,3.424528e-05,3.358816e-01,7.283629e-04
2.559518e+03,4.117359e-02,1.303818e-05,3.423201e-01,3.207202e-04
2.613274e+03,4.109159e-02,1.173185e-05,3.490472e-01,4.050606e-04
2.668158e+03,4.101167e-02,1.270320e-05,3.556932e-01,3.797606e-04
2.724195e+03,4.092196e-02,2.358591e-05,3.625094e-01,3.977260e-04
2.781409e+03,4.082997e-02,1.969004e-05,3.694200e-01,5.533129e-04
2.839825e+03,4.073927e-02,2.383616e-05,3.764093e-01,4.567072e-04
2.899467e+03,4.063977e-02,1.549131e-05,3.835025e-01,4.025156e-04
2.960362e+03,4.053831e-02,2.279624e-05,3.907548e-01,4.153446e-04
3.022536e+03,4.043947e-02,2.403930e-05,3.981620e-01,3.532692e-04
3.086016e+03,4.032941e-02,7.772201e-06,4.057457e-01,1.716382e-04
3.150829e+03,4.021862e-02,1.997093e-05,4.131458e-01,3.952512e-04
3.217003e+03,4.009864e-02,2.995098e-05,4.210466e-01,9.016116e-04
3.284567e+03,3.997565e-02,4.541127e-05,4.288094e-01,7.185583e-04
3.353550e+03,3.985063e-02,3.032047e-05,4.366262e-01,1.022780e-03
3.423982e+03,3.972177e-02,4.518754e-05,4.446265e-01,1.161817e-03
3.495893e+03,3.959333e-02,2.548465e-05,4.529532e-01,1.495548e-03
3.569314e+03,3.944447e-02,6.619111e-05,4.612318e-01,1.516390e-03
3.644277e+03,3.930336e-02,4.810748e-05,4.693643e-01,1.475950e-03
3.720815e+03,3.914043e-02,6.466645e-05,4.781513e-01,2.117006e-03
3.798960e+03,3.899005e-02,6.633444e-05,4.867570e-01,1.629854e-03
3.878746e+03,3.881392e-02,9.297412e-05,4.949456e-01,2.233837e-03
3.960208e+03,3.862795e-02,5.518810e-05,5.044313e-01,1.801510e-03
4.043381e+03,3.839792e-02,6.254273e-06,5.164984e-01,1.233501e-04
4.128301e+03,3.826116e-02,5.610263e-05,5.219810e-01,1.868024e-03
4.215004e+03,3.812371e-02,7.414788e-05,5.309785e-01,2.514899e-03
4.303528e+03,3.793231e-02,8.102681e-05,5.399592e-01,2.061695e-03
4.393912e+03,3.770149e-02,1.306415e-04,5.498512e-01,2.795476e-03
4.486193e+03,3.751099e-02,9.201076e-05,5.590026e-01,1.881670e-03
4.580413e+03,3.729787e-02,5.891167e-05,5.681859e-01,1.607674e-03
4.676611e+03,3.707550e-02,5.792374e-05,5.779696e-01,2.315117e-03
4.774830e+03,3.685459e-02,5.444315e-05,5.876644e-01,1.691590e-03
4.875112e+03,3.661110e-02,5.806117e-05,5.973392e-01,1.009005e-03
4.977500e+03,3.635402e-02,1.016006e-04,6.069092e-01,1.931541e-03
5.082038e+03,3.610487e-02,5.784910e-05,6.167779e-01,1.808286e-03
5.188772e+03,3.584611e-02,2.353020e-05,6.265147e-01,1.583774e-03
5.297747e+03,3.556973e-02,5.290879e-05,6.365658e-01,9.899594e-04
5.409011e+03,3.527945e-02,3.045905e-05,6.463697e-01,2.288662e-03
5.522612e+03,3.499219e-02,2.770995e-05,6.564423e-01,1.154593e-03
5.638599e+03,3.469111e-02,3.249873e-05,6.663233e-01,9.946561e-04
5.757021e+03,3.437811e-02,3.057077e-05,6.763953e-01,8.981303e-04
5.877931e+03,3.405209e-02,3.574399e-05,6.864580e-01,1.487476e-03
6.001380e+03,3.371673e-02,5.866168e-05,6.965680e-01,2.236487e-03
6.127422e+03,3.336962e-02,3.899442e-05,7.061338e-01,5.168791e-04
6.256111e+03,3.301748e-02,7.975445e-05,7.162307e-01,1.114713e-03
6.387503e+03,3.265368e-02,3.660666e-05,7.263013e-01,3.146291e-03
6.521654e+03,3.228877e-02,4.764574e-05,7.362473e-01,1.655856e-03
6.658623e+03,3.188836e-02,8.093986e-05,7.455654e-01,1.963237e-03
6.798468e+03,3.149347e-02,8.415516e-05,7.551766e-01,3.029086e-03
6.941251e+03,3.109259e-02,9.858818e-05,7.647891e-01,2.839795e-03
7.087032e+03,3.064963e-02,1.222646e-04,7.742188e-01,2.605066e-03
7.235875e+03,3.020923e-02,1.022130e-04,7.827699e-01,5.192267e-03
7.387844e+03,2.979765e-02,1.145690e-04,7.920144e-01,4.397454e-03
7.543004e+03,2.931450e-02,1.267906e-04,8.007079e-01,4.863311e-03
7.701424e+03,2.884688e-02,1.471657e-04,8.110723e-01,4.354114e-03
7.863170e+03,2.838507e-02,1.494592e-04,8.183637e-01,6.702427e-03
8.028313e+03,2.807058e-02,2.671944e-05,8.237559e-01,1.838410e-03
8.196925e+03,2.744948e-02,1.250524e-04,8.382658e-01,2.338955e-03
8.369078e+03,2.688436e-02,1.578643e-04,8.401328e-01,4.425691e-03
8.544847e+03,2.635580e-02,1.398306e-04,8.455784e-01,4.858443e-03
8.724307e+03,2.583824e-02,1.379787e-04,8.533501e-01,5.014943e-03
8.907536e+03,2.527342e-02,1.837481e-04,8.585227e-01,4.430842e-03
9.094614e+03,2.473560e-02,1.996893e-04,8.638473e-01,4.544609e-03
9.285620e+03,2.423620e-02,1.272229e-04,8.683113e-01,4.742559e-03
9.480638e+03,2.367533e-02,1.072003e-04,8.717627e-01,5.229705e-03
9.679752e+03,2.308942e-02,1.305533e-04,8.744301e-01,3.739777e-03
9.883047e+03,2.253646e-02,9.752492e-05,8.765081e-01,4.554961e-03
1.009061e+04,2.198076e-02,6.781262e-05,8.775825e-01,4.573033e-03
1.030254e+04,2.140745e-02,7.973974e-05,8.784090e-01,2.918897e-03
1.051891e+04,2.084933e-02,7.974559e-05,8.782732e-01,3.341281e-03
1.073983e+04,2.029045e-02,6.491293e-05,8.767635e-01,2.659545e-03
1.096539e+04,1.970405e-02,1.033427e-04,8.734539e-01,3.945514e-03
1.119569e+04,1.915867e-02,5.676948e-05,8.695551e-01,2.802017e-03
1.143082e+04,1.858691e-02,5.171150e-05,8.637565e-01,1.781937e-03
1.167089e+04,1.804579e-02,5.330839e-05,8.568161e-01,3.262980e-03
1.191601e+04,1.748785e-02,8.221386e-05,8.490531e-01,5.402902e-03
1.216627e+04,1.690072e-02,1.044592e-04,8.410433e-01,1.061372e-03
1.242179e+04,1.643403e-02,3.355197e-05,8.256301e-01,3.849842e-03
1.268267e+04,1.590546e-02,6.174530e-05,8.108955e-01,7.078024e-03
1.294903e+04,1.539023e-02,7.483236e-05,7.950785e-01,7.447120e-03
1.322099e+04,1.488187e-02,7.733804e-05,7.774446e-01,3.942956e-03
1.349866e+04,1.446135e-02,7.683738e-05,7.564863e-01,5.315509e-03
1.378216e+04,1.400395e-02,1.184949e-04,7.339815e-01,7.942050e-03
1.407162e+04,1.361443e-02,6.983187e-05,7.092338e-01,6.550726e-03
1.436715e+04,1.319863e-02,1.316752e-04,6.809937e-01,8.073876e-03
1.466889e+04,1.284617e-02,9.227750e-05,6.521051e-01,7.270953e-03
1.497697e+04,1.252250e-02,1.026428e-04,6.180078e-01,9.910346e-03
1.529152e+04,1.219484e-02,9.494871e-05,5.860752e-01,1.122001e-02
1.561267e+04,1.196728e-02,1.179636e-04,5.492406e-01,8.946420e-03
1.594057e+04,1.163253e-02,9.796532e-05,5.076344e-01,8.996438e-03
1.627536e+04,1.142474e-02,4.204610e-05,4.643429e-01,5.726391e-03
1.661718e+04,1.139455e-02,1.696268e-04,4.349511e-01,1.159343e-02
1.696617e+04,1.120469e-02,1.205090e-04,3.942278e-01,1.029006e-02
1.732250e+04,1.117512e-02,1.126074e-04,3.512917e-01,1.052945e-02
1.768631e+04,1.112085e-02,8.654352e-05,3.088136e-01,1.061957e-02
1.805776e+04,1.109559e-02,1.451790e-04,2.698048e-01,7.803910e-03
1.843701e+04,1.109993e-02,7.679664e-05,2.298063e-01,1.086824e-02
1.882423e+04,1.115827e-02,1.354893e-04,1.909246e-01,6.820378e-03
1.921958e+04,1.126133e-02,6.468047e-05,1.536388e-01,1.018504e-02
1.962323e+04,1.129961e-02,1.029400e-04,1.191754e-01,9.576848e-03
2.003536e+04,1.146201e-02,1.141042e-04,8.109495e-02,5.041358e-03
2.045615e+04,1.161352e-02,1.651706e-04,4.975336e-02,6.343183e-03
2.088577e+04,1.175565e-02,1.295564e-04,2.325263e-02,6.313300e-03
2.132442e+04,1.193409e-02,1.234526e-04,-4.165925e-03,7.886439e-03
2.177227e+04,1.212485e-02,2.355053e-04,-2.903797e-02,6.923807e-03
2.222954e+04,1.237695e-02,8.056405e-05,-5.324125e-02,4.782422e-03
2.269641e+04,1.259495e-02,8.476808e-05,-7.430307e-02,5.402222e-03
2.317308e+04,1.280540e-02,1.105404e-04,-9.551898e-02,5.878942e-03
2.365976e+04,1.299328e-02,1.101021e-04,-1.106042e-01,5.956105e-03
2.415667e+04,1.335320e-02,4.672628e-05,-1.332017e-01,1.469273e-03
2.466401e+04,1.347373e-02,2.586798e-04,-1.479300e-01,3.768150e-03
2.518201e+04,1.378859e-02,7.260212e-05,-1.568568e-01,5.165656e-03
2.571089e+04,1.396631e-02,1.705579e-04,-1.681230e-01,5.975140e-03
2.625087e+04,1.425766e-02,1.081530e-04,-1.788500e-01,4.780497e-03
2.680219e+04,1.441058e-02,1.817928e-04,-1.883253e-01,7.393255e-03
2.736510e+04,1.468896e-02,3.290871e-04,-1.973379e-01,5.237645e-03
2.793982e+04,1.499017e-02,1.118366e-04,-2.035736e-01,3.850828e-03
2.852662e+04,1.526022e-02,7.513138e-05,-2.084344e-01,3.294191e-03
2.912574e+04,1.547020e-02,6.001219e-05,-2.168571e-01,4.487935e-03
2.973744e+04,1.554310e-02,5.447148e-04,-2.215966e-01,5.179462e-03
3.036199e+04,1.581454e-02,2.102615e-04,-2.248053e-01,5.504914e-03
3.099966e+04,1.600703e-02,4.953481e-04,-2.299718e-01,5.126697e-03
3.165072e+04,1.618849e-02,5.316832e-04,-2.306648e-01,6.149479e-03
3.231545e+04,1.635334e-02,4.757652e-04,-2.363083e-01,4.969321e-03
3.299415e+04,1.654457e-02,7.016087e-04,-2.374912e-01,8.155055e-03
3.368709e+04,1.701233e-02,5.402138e-05,-2.375861e-01,4.195145e-03
3.439460e+04,1.718142e-02,1.372584e-04,-2.382072e-01,4.041700e-03
3.511696e+04,1.732508e-02,3.549607e-04,-2.384144e-01,3.439002e-03
3.585449e+04,1.738267e-02,5.218957e-04,-2.385589e-01,2.854403e-03
3.660751e+04,1.779616e-02,6.073060e-05,-2.381301e-01,1.920358e-03
3.737634e+04,1.793355e-02,5.202465e-05,-2.383590e-01,4.797175e-03
3.816133e+04,1.800027e-02,2.549676e-04,-2.377576e-01,4.817801e-03
3.896280e+04,1.829642e-02,6.034958e-05,-2.368517e-01,2.015052e-03
3.978110e+04,1.834819e-02,3.604865e-04,-2.357114e-01,3.609990e-03
4.061659e+04,1.825672e-02,1.030510e-03,-2.346762e-01,5.979474e-03
4.146962e+04,1.869677e-02,3.429403e-04,-2.336028e-01,4.381453e-03
4.234058e+04,1.851547e-02,1.248930e-03,-2.325002e-01,8.651591e-03
4.322982e+04,1.899337e-02,6.998792e-05,-2.282799e-01,3.558724e-03
4.413774e+04,1.922840e-02,3.568927e-05,-2.275467e-01,1.328109e-03
4.506473e+04,1.904087e-02,1.014320e-03,-2.264422e-01,6.653372e-03
4.601118e+04,1.945741e-02,3.652856e-05,-2.229941e-01,1.835342e-03
4.697751e+04,1.908371e-02,1.489788e-03,-2.213662e-01,4.361781e-03
4.796414e+04,1.948095e-02,6.293116e-04,-2.182264e-01,2.640257e-03
4.897149e+04,1.979053e-02,3.687697e-05,-2.153052e-01,2.964170e-03
5.000000e+04,1.996691e-02,2.573051e-05,-2.135764e-01,1.573516e-03
