# RL-C + RL-C 1개
{'R_sense': 10, 'Vpk': 0.6, 'R1': 10, 'R2': 10, 'L1': 0.000221, 'L2': 0.000221, 'C1': 4.7e-07, 'C2': 4.7e-07}
1.000000e+02,1.754848e-02,1.246963e-06,7.490344e-03,6.359152e-05
1.021002e+02,1.754881e-02,1.282155e-06,7.647643e-03,1.156594e-04
1.042445e+02,1.754922e-02,1.071766e-06,7.839310e-03,5.958570e-05
1.064339e+02,1.754881e-02,1.143961e-06,7.926128e-03,1.047788e-04
1.086692e+02,1.754928e-02,1.556108e-06,8.149541e-03,1.086253e-04
1.109515e+02,1.755030e-02,1.399792e-06,8.293348e-03,1.367911e-04
1.132817e+02,1.755010e-02,1.299968e-06,8.492491e-03,1.427220e-04
1.156609e+02,1.755041e-02,8.092611e-07,8.700158e-03,1.274683e-04
1.180900e+02,1.755069e-02,8.436928e-07,8.834763e-03,9.234357e-05
1.205702e+02,1.755052e-02,1.296299e-06,9.066797e-03,9.464412e-05
1.231024e+02,1.755072e-02,1.254410e-06,9.179026e-03,8.862795e-05
1.256878e+02,1.754906e-02,1.316253e-06,9.454400e-03,9.413603e-05
1.283275e+02,1.754862e-02,1.723347e-06,9.633263e-03,8.847882e-05
1.310227e+02,1.754875e-02,1.438391e-06,9.859965e-03,9.505082e-05
1.337745e+02,1.754932e-02,1.871110e-06,1.002423e-02,6.273646e-05
1.365840e+02,1.754943e-02,1.565164e-06,1.021832e-02,5.488464e-05
1.394526e+02,1.754930e-02,1.187402e-06,1.045758e-02,6.964389e-05
1.423814e+02,1.754969e-02,2.026811e-06,1.064347e-02,9.800021e-05
1.453717e+02,1.755008e-02,1.485381e-06,1.090249e-02,8.052568e-05
1.484248e+02,1.754868e-02,1.351146e-06,1.112249e-02,1.194473e-04
1.515420e+02,1.754965e-02,1.332656e-06,1.135203e-02,7.265267e-05
1.547247e+02,1.754874e-02,1.153885e-06,1.157686e-02,1.001259e-04
1.579743e+02,1.754864e-02,1.012769e-06,1.187653e-02,9.216323e-05
1.612921e+02,1.754802e-02,1.201659e-06,1.212062e-02,5.709732e-05
1.646796e+02,1.754871e-02,9.887571e-07,1.236276e-02,7.830978e-05
1.681382e+02,1.754813e-02,1.422112e-06,1.264377e-02,8.180073e-05
1.716695e+02,1.754871e-02,9.337489e-07,1.287125e-02,8.757014e-05
1.752749e+02,1.754866e-02,1.090469e-06,1.316284e-02,5.294785e-05
1.789560e+02,1.754869e-02,1.407905e-06,1.344014e-02,1.065992e-04
1.827145e+02,1.754750e-02,1.533765e-06,1.376221e-02,5.320778e-05
1.865519e+02,1.754680e-02,1.160733e-06,1.398508e-02,6.142533e-05
1.904699e+02,1.754758e-02,1.417528e-06,1.427387e-02,6.264139e-05
1.944702e+02,1.754802e-02,1.493907e-06,1.457359e-02,5.295696e-05
1.985545e+02,1.754772e-02,1.038578e-06,1.486675e-02,5.873483e-05
2.027245e+02,1.754705e-02,8.491936e-07,1.522803e-02,7.508989e-05
2.069822e+02,1.754715e-02,1.559352e-06,1.556645e-02,6.010719e-05
2.113292e+02,1.754645e-02,1.650568e-06,1.588209e-02,6.715447e-05
2.157676e+02,1.754679e-02,1.340343e-06,1.622856e-02,8.188450e-05
2.202992e+02,1.754682e-02,9.296387e-07,1.659637e-02,9.725089e-05
2.249260e+02,1.754691e-02,1.390962e-06,1.692624e-02,8.434745e-05
2.296499e+02,1.754618e-02,1.420673e-06,1.728227e-02,7.008774e-05
2.344730e+02,1.754467e-02,1.232827e-06,1.765575e-02,9.075953e-05
2.393975e+02,1.754498e-02,1.387374e-06,1.795693e-02,5.248605e-05
2.444253e+02,1.754442e-02,1.886658e-06,1.839631e-02,8.031757e-05
2.495588e+02,1.754501e-02,1.103942e-06,1.876397e-02,9.719538e-05
2.548000e+02,1.754440e-02,1.005019e-06,1.915067e-02,1.004749e-04
2.601514e+02,1.754460e-02,2.514594e-06,1.952922e-02,1.280204e-04
2.656151e+02,1.754360e-02,2.498292e-06,1.995870e-02,1.059288e-04
2.711936e+02,1.754334e-02,2.085123e-06,2.039113e-02,4.024582e-05
2.768893e+02,1.754255e-02,1.592360e-06,2.080925e-02,6.026840e-05
2.827045e+02,1.754192e-02,2.962750e-06,2.122977e-02,7.502822e-05
2.886419e+02,1.754162e-02,1.534177e-06,2.170806e-02,7.225870e-05
2.947040e+02,1.754006e-02,2.251023e-06,2.215695e-02,1.035193e-04
3.008935e+02,1.754092e-02,1.617659e-06,2.262085e-02,1.418921e-04
3.072129e+02,1.754045e-02,1.672699e-06,2.312642e-02,1.119923e-04
3.136650e+02,1.753867e-02,1.630843e-06,2.358381e-02,1.208985e-04
3.202526e+02,1.754021e-02,2.094376e-06,2.414770e-02,7.909187e-05
3.269786e+02,1.753892e-02,3.355023e-06,2.458676e-02,1.106144e-04
3.338459e+02,1.753830e-02,2.142934e-06,2.515401e-02,1.059622e-04
3.408574e+02,1.753777e-02,2.417231e-06,2.565752e-02,6.969912e-05
3.480161e+02,1.753659e-02,1.414101e-06,2.622138e-02,6.892387e-05
3.553252e+02,1.753486e-02,1.461341e-06,2.674309e-02,1.127274e-04
3.627878e+02,1.753539e-02,2.626272e-06,2.728679e-02,1.511089e-04
3.704071e+02,1.753550e-02,2.119200e-06,2.791425e-02,1.037148e-04
3.781864e+02,1.753433e-02,1.892442e-06,2.847899e-02,1.106885e-04
3.861292e+02,1.753294e-02,2.089640e-06,2.907691e-02,6.183772e-05
3.942387e+02,1.753209e-02,2.136339e-06,2.969370e-02,1.032841e-04
4.025186e+02,1.753049e-02,1.593184e-06,3.034201e-02,1.131418e-04
4.109723e+02,1.753114e-02,2.451432e-06,3.097591e-02,1.272181e-04
4.196036e+02,1.752847e-02,2.387807e-06,3.155922e-02,1.210614e-04
4.284162e+02,1.752881e-02,1.776144e-06,3.226668e-02,8.405799e-05
4.374139e+02,1.752740e-02,2.567808e-06,3.296963e-02,9.733717e-05
4.466005e+02,1.752533e-02,3.282860e-06,3.366794e-02,1.129523e-04
4.559801e+02,1.752686e-02,2.764158e-06,3.434873e-02,1.065866e-04
4.655566e+02,1.752363e-02,2.198596e-06,3.510257e-02,6.868438e-05
4.753343e+02,1.752344e-02,2.575766e-06,3.586061e-02,1.016091e-04
4.853174e+02,1.752266e-02,3.338911e-06,3.659726e-02,1.070711e-04
4.955101e+02,1.752031e-02,3.070215e-06,3.734465e-02,8.847422e-05
5.059168e+02,1.751898e-02,1.993359e-06,3.816666e-02,7.972328e-05
5.165422e+02,1.751710e-02,3.041988e-06,3.895226e-02,8.089953e-05
5.273907e+02,1.751575e-02,1.676183e-06,3.977137e-02,8.267786e-05
5.384670e+02,1.751570e-02,3.934716e-06,4.059012e-02,1.204934e-04
5.497760e+02,1.751256e-02,5.883355e-06,4.146367e-02,7.683892e-05
5.613224e+02,1.751126e-02,3.140325e-06,4.230018e-02,1.645278e-04
5.731114e+02,1.751016e-02,3.046919e-06,4.322637e-02,1.344874e-04
5.851480e+02,1.750781e-02,2.789808e-06,4.411721e-02,1.180604e-04
5.974374e+02,1.750536e-02,2.481530e-06,4.500754e-02,1.069712e-04
6.099848e+02,1.750280e-02,1.559058e-06,4.598527e-02,1.273110e-04
6.227958e+02,1.750139e-02,1.871709e-06,4.700697e-02,1.791241e-04
6.358759e+02,1.749885e-02,2.908780e-06,4.795324e-02,1.542172e-04
6.492306e+02,1.749725e-02,7.175113e-06,4.897471e-02,2.481417e-04
6.628659e+02,1.749477e-02,4.574929e-06,4.998625e-02,1.343451e-04
6.767875e+02,1.749518e-02,4.339167e-06,5.104568e-02,8.748003e-05
6.910015e+02,1.749377e-02,4.412912e-06,5.205165e-02,1.033004e-04
7.055140e+02,1.749094e-02,1.957148e-06,5.316883e-02,2.091989e-04
7.203313e+02,1.748885e-02,4.131303e-06,5.429318e-02,8.961811e-05
7.354598e+02,1.748509e-02,1.484776e-06,5.548715e-02,1.701104e-04
7.509060e+02,1.748279e-02,2.839231e-06,5.661724e-02,1.418336e-04
7.666767e+02,1.747643e-02,2.358754e-06,5.786717e-02,9.883425e-05
7.827785e+02,1.747616e-02,3.907842e-06,5.897581e-02,2.213413e-04
7.992185e+02,1.747315e-02,4.446482e-06,6.024632e-02,1.139860e-04
8.160039e+02,1.747028e-02,4.812495e-06,6.147158e-02,1.414591e-04
8.331417e+02,1.746414e-02,6.951207e-06,6.278972e-02,9.655357e-05
8.506394e+02,1.746098e-02,4.051407e-06,6.408635e-02,1.513221e-04
8.685047e+02,1.745649e-02,1.873359e-06,6.542772e-02,9.233699e-05
8.867452e+02,1.745338e-02,3.166945e-06,6.678877e-02,4.173415e-05
9.053687e+02,1.744819e-02,7.874566e-06,6.819672e-02,1.023044e-04
9.243834e+02,1.744575e-02,4.208344e-06,6.957279e-02,1.604189e-04
9.437974e+02,1.743800e-02,4.437643e-06,7.100062e-02,1.515044e-04
9.636192e+02,1.743399e-02,3.018633e-06,7.252562e-02,2.802590e-04
9.838573e+02,1.742795e-02,6.275461e-06,7.400176e-02,5.874887e-05
1.004520e+03,1.742472e-02,2.385399e-06,7.555550e-02,1.251137e-04
1.025617e+03,1.741887e-02,2.180635e-06,7.707001e-02,1.152370e-04
1.047158e+03,1.741304e-02,5.851986e-06,7.869258e-02,1.293779e-04
1.069150e+03,1.740785e-02,3.858160e-06,8.025854e-02,1.145775e-04
1.091605e+03,1.739974e-02,4.383817e-06,8.198840e-02,1.504441e-04
1.114531e+03,1.739306e-02,5.012309e-06,8.371025e-02,2.194153e-04
1.137938e+03,1.738590e-02,5.153180e-06,8.540876e-02,9.991784e-05
1.161837e+03,1.737796e-02,4.592022e-06,8.715856e-02,3.413557e-04
1.186238e+03,1.737190e-02,3.857363e-06,8.896739e-02,2.590251e-04
1.211152e+03,1.736571e-02,2.315794e-06,9.074495e-02,1.000829e-04
1.236589e+03,1.735532e-02,4.886147e-06,9.266642e-02,2.516123e-04
1.262560e+03,1.734845e-02,6.918148e-06,9.456410e-02,2.302248e-04
1.289076e+03,1.733785e-02,9.492702e-06,9.661107e-02,1.984984e-04
1.316150e+03,1.733025e-02,8.077297e-06,9.839002e-02,1.951044e-04
1.343792e+03,1.732102e-02,2.746772e-06,1.003747e-01,9.114700e-05
1.372014e+03,1.731016e-02,7.064885e-06,1.024639e-01,3.266278e-04
1.400829e+03,1.729956e-02,1.104925e-05,1.045608e-01,2.668494e-04
1.430250e+03,1.729022e-02,6.117142e-06,1.067400e-01,2.165023e-04
1.460288e+03,1.727774e-02,6.080430e-06,1.088689e-01,2.912876e-04
1.490957e+03,1.726707e-02,4.166677e-06,1.110426e-01,2.535971e-04
1.522271e+03,1.725384e-02,8.409338e-06,1.133395e-01,1.872483e-04
1.554242e+03,1.724299e-02,8.178767e-06,1.156490e-01,1.477096e-04
1.586884e+03,1.722798e-02,1.288541e-05,1.179612e-01,2.370565e-04
1.620212e+03,1.721770e-02,7.722074e-06,1.203364e-01,3.056200e-04
1.654240e+03,1.720418e-02,4.269783e-06,1.227357e-01,2.057016e-04
1.688983e+03,1.718751e-02,5.837964e-06,1.252142e-01,3.372026e-04
1.724455e+03,1.717307e-02,9.895965e-06,1.276472e-01,2.107574e-04
1.760672e+03,1.715791e-02,6.861318e-06,1.302205e-01,1.631793e-04
1.797650e+03,1.714083e-02,8.931751e-06,1.327861e-01,2.546433e-04
1.835404e+03,1.712599e-02,1.183744e-05,1.355058e-01,3.896665e-04
1.873952e+03,1.710634e-02,5.874868e-06,1.381379e-01,4.862607e-04
1.913309e+03,1.708729e-02,7.739436e-06,1.409467e-01,4.893144e-04
1.953492e+03,1.706814e-02,1.259152e-05,1.436040e-01,3.860107e-04
1.994520e+03,1.704963e-02,6.744545e-06,1.463656e-01,1.367671e-04
2.036409e+03,1.702912e-02,3.297506e-06,1.493774e-01,2.152006e-04
2.079178e+03,1.700603e-02,1.025401e-05,1.523820e-01,3.046453e-04
2.122845e+03,1.698538e-02,9.559370e-06,1.552168e-01,8.412007e-04
2.167430e+03,1.696423e-02,1.150467e-05,1.582373e-01,6.047399e-04
2.212950e+03,1.693651e-02,1.739667e-05,1.612879e-01,4.907575e-04
2.259427e+03,1.691131e-02,1.966517e-05,1.644280e-01,8.175354e-04
2.306880e+03,1.688751e-02,1.697944e-05,1.674589e-01,3.822953e-04
2.355329e+03,1.686253e-02,1.481819e-05,1.707507e-01,4.815606e-04
2.404796e+03,1.683577e-02,3.559603e-06,1.741178e-01,2.023389e-04
2.455302e+03,1.680536e-02,1.836250e-05,1.774964e-01,5.500616e-04
2.506869e+03,1.677533e-02,1.154645e-05,1.807361e-01,8.467878e-04
2.559518e+03,1.674511e-02,1.949023e-05,1.842050e-01,4.526575e-04
2.613274e+03,1.671424e-02,1.611574e-05,1.877155e-01,1.078542e-03
2.668158e+03,1.667984e-02,1.803977e-05,1.911964e-01,1.094179e-03
2.724195e+03,1.664510e-02,1.493169e-05,1.945585e-01,9.069291e-04
2.781409e+03,1.661039e-02,1.957440e-05,1.984561e-01,1.174517e-03
2.839825e+03,1.657584e-02,1.938064e-05,2.019624e-01,9.240581e-04
2.899467e+03,1.653561e-02,1.623982e-05,2.056163e-01,7.555618e-04
2.960362e+03,1.649747e-02,1.829772e-05,2.094514e-01,3.265483e-04
3.022536e+03,1.645329e-02,8.723825e-06,2.132529e-01,3.123374e-04
3.086016e+03,1.641040e-02,4.462282e-06,2.168700e-01,3.305640e-04
3.150829e+03,1.637359e-02,1.735920e-05,2.209858e-01,7.859218e-04
3.217003e+03,1.632542e-02,3.217368e-05,2.248416e-01,1.406715e-03
3.284567e+03,1.627831e-02,4.079068e-05,2.289468e-01,1.687817e-03
3.353550e+03,1.622746e-02,3.692623e-05,2.328927e-01,2.907684e-03
3.423982e+03,1.618191e-02,3.305054e-05,2.372498e-01,2.539215e-03
3.495893e+03,1.613149e-02,5.349740e-05,2.409327e-01,1.659792e-03
3.569314e+03,1.607197e-02,4.798397e-05,2.454886e-01,3.284380e-03
3.644277e+03,1.601342e-02,6.687632e-05,2.496025e-01,4.475813e-03
3.720815e+03,1.594868e-02,6.536099e-05,2.538049e-01,4.421361e-03
3.798960e+03,1.590360e-02,6.126334e-05,2.584817e-01,4.202381e-03
3.878746e+03,1.585067e-02,6.503328e-05,2.617840e-01,4.120658e-03
3.960208e+03,1.575332e-02,5.370078e-05,2.649612e-01,2.643936e-03
4.043381e+03,1.564840e-02,5.396388e-06,2.791420e-01,3.534696e-04
4.128301e+03,1.567785e-02,4.611199e-05,2.757559e-01,4.279291e-03
4.215004e+03,1.555603e-02,7.694995e-05,2.809683e-01,4.952829e-03
4.303528e+03,1.548710e-02,7.139957e-05,2.841740e-01,4.920756e-03
4.393912e+03,1.542496e-02,6.125063e-05,2.895343e-01,3.855253e-03
4.486193e+03,1.534191e-02,6.637705e-05,2.934351e-01,4.356085e-03
4.580413e+03,1.526931e-02,6.680829e-05,2.973160e-01,3.657093e-03
4.676611e+03,1.517851e-02,4.906473e-05,3.024114e-01,3.489196e-03
4.774830e+03,1.508921e-02,4.582308e-05,3.065352e-01,3.761764e-03
4.875112e+03,1.500944e-02,4.345025e-05,3.114618e-01,3.712672e-03
4.977500e+03,1.491348e-02,2.976758e-05,3.162427e-01,2.593053e-03
5.082038e+03,1.482493e-02,4.146710e-05,3.205433e-01,2.983300e-03
5.188772e+03,1.473067e-02,1.618264e-05,3.248341e-01,3.526696e-03
5.297747e+03,1.463239e-02,4.092836e-05,3.293022e-01,3.168811e-03
5.409011e+03,1.452728e-02,3.000855e-05,3.334643e-01,2.829534e-03
5.522612e+03,1.442516e-02,3.448316e-05,3.382621e-01,2.395766e-03
5.638599e+03,1.432035e-02,3.859285e-05,3.427808e-01,1.971500e-03
5.757021e+03,1.420661e-02,2.271889e-05,3.464632e-01,1.963711e-03
5.877931e+03,1.408883e-02,1.734357e-05,3.507292e-01,1.089307e-03
6.001380e+03,1.396755e-02,1.631351e-05,3.558520e-01,1.256728e-03
6.127422e+03,1.384731e-02,5.444688e-06,3.591942e-01,8.860830e-04
6.256111e+03,1.373286e-02,3.273644e-05,3.631916e-01,1.948372e-03
6.387503e+03,1.360437e-02,3.751959e-05,3.671940e-01,2.938198e-03
6.521654e+03,1.347105e-02,5.185464e-05,3.716228e-01,3.365763e-03
6.658623e+03,1.332743e-02,6.609918e-05,3.742179e-01,4.381443e-03
6.798468e+03,1.320032e-02,7.653748e-05,3.776598e-01,5.954451e-03
6.941251e+03,1.305512e-02,1.087818e-04,3.814256e-01,3.817926e-03
7.087032e+03,1.291575e-02,1.087606e-04,3.850792e-01,7.085471e-03
7.235875e+03,1.277234e-02,1.208313e-04,3.875637e-01,9.986812e-03
7.387844e+03,1.259893e-02,1.070941e-04,3.904115e-01,1.051231e-02
7.543004e+03,1.245146e-02,1.252828e-04,3.934000e-01,9.690755e-03
7.701424e+03,1.225935e-02,1.430636e-04,3.926541e-01,1.105787e-02
7.863170e+03,1.216143e-02,1.247312e-04,3.968461e-01,1.224384e-02
8.028313e+03,1.214327e-02,3.343766e-05,3.966082e-01,6.834908e-03
8.196925e+03,1.164927e-02,4.704287e-05,3.995495e-01,1.050259e-02
8.369078e+03,1.161450e-02,1.333274e-04,4.004130e-01,1.130635e-02
8.544847e+03,1.146111e-02,1.424743e-04,4.028884e-01,1.045245e-02
8.724307e+03,1.125495e-02,1.145934e-04,3.986132e-01,1.323951e-02
8.907536e+03,1.107201e-02,1.717654e-04,4.005117e-01,1.026419e-02
9.094614e+03,1.087925e-02,1.368778e-04,3.972920e-01,1.001484e-02
9.285620e+03,1.072586e-02,1.249560e-04,3.965657e-01,9.646241e-03
9.480638e+03,1.054371e-02,9.334842e-05,3.923060e-01,1.015385e-02
9.679752e+03,1.034266e-02,6.965876e-05,3.907622e-01,1.104972e-02
9.883047e+03,1.014278e-02,1.060596e-04,3.870736e-01,8.936187e-03
1.009061e+04,9.965872e-03,6.756064e-05,3.823664e-01,8.310640e-03
1.030254e+04,9.761784e-03,5.257855e-05,3.761217e-01,7.585843e-03
1.051891e+04,9.566424e-03,6.598013e-05,3.689215e-01,7.817617e-03
1.073983e+04,9.376674e-03,5.535445e-05,3.607863e-01,6.256113e-03
1.096539e+04,9.182565e-03,6.843971e-05,3.527998e-01,5.704087e-03
1.119569e+04,8.974854e-03,5.063128e-05,3.421883e-01,5.747209e-03
1.143082e+04,8.774336e-03,3.032127e-05,3.328397e-01,5.582217e-03
1.167089e+04,8.590570e-03,1.483050e-05,3.187283e-01,2.102173e-03
1.191601e+04,8.368655e-03,7.017989e-05,3.021979e-01,4.248018e-03
1.216627e+04,8.242571e-03,5.139297e-05,2.935261e-01,2.860732e-03
1.242179e+04,8.025317e-03,6.844843e-05,2.675171e-01,6.539688e-03
1.268267e+04,7.821043e-03,5.442207e-05,2.520571e-01,6.861573e-03
1.294903e+04,7.651156e-03,4.220412e-05,2.305103e-01,3.154169e-03
1.322099e+04,7.493272e-03,9.211556e-05,2.064339e-01,7.967021e-03
1.349866e+04,7.334537e-03,7.723154e-05,1.821002e-01,9.411745e-03
1.378216e+04,7.158849e-03,6.914997e-05,1.555760e-01,1.452767e-02
1.407162e+04,7.038138e-03,6.026720e-05,1.233580e-01,1.417458e-02
1.436715e+04,6.886092e-03,1.325356e-04,9.354609e-02,1.433112e-02
1.466889e+04,6.787123e-03,9.441919e-05,5.866359e-02,1.681797e-02
1.497697e+04,6.692523e-03,1.088905e-04,2.015315e-02,1.530973e-02
1.529152e+04,6.597151e-03,1.045952e-04,-1.214600e-02,1.679657e-02
1.561267e+04,6.530964e-03,1.132611e-04,-5.434485e-02,1.717796e-02
1.594057e+04,6.583214e-03,5.180138e-05,-9.213950e-02,1.578816e-02
1.627536e+04,6.466111e-03,4.363994e-05,-1.618590e-01,5.519118e-03
1.661718e+04,6.401395e-03,1.053242e-04,-1.815496e-01,1.838582e-02
1.696617e+04,6.392237e-03,1.235260e-04,-2.297527e-01,1.709902e-02
1.732250e+04,6.474271e-03,9.776396e-05,-2.716071e-01,1.802922e-02
1.768631e+04,6.519470e-03,1.002944e-04,-3.180393e-01,1.440983e-02
1.805776e+04,6.586632e-03,9.382421e-05,-3.604097e-01,1.371601e-02
1.843701e+04,6.664413e-03,1.010029e-04,-4.008463e-01,1.929816e-02
1.882423e+04,6.792787e-03,9.339769e-05,-4.446428e-01,1.372204e-02
1.921958e+04,6.910397e-03,7.649314e-05,-4.826401e-01,1.409054e-02
1.962323e+04,7.043269e-03,1.860856e-04,-5.222786e-01,1.431114e-02
2.003536e+04,7.253802e-03,8.895602e-05,-5.525853e-01,1.075039e-02
2.045615e+04,7.394331e-03,6.732310e-05,-5.843818e-01,8.375462e-03
2.088577e+04,7.602421e-03,7.233657e-05,-6.250587e-01,1.202608e-02
2.132442e+04,7.822340e-03,7.613236e-05,-6.546387e-01,1.086066e-02
2.177227e+04,8.072766e-03,7.322347e-05,-6.791861e-01,8.981910e-03
2.222954e+04,8.329162e-03,5.199745e-05,-7.037955e-01,9.514012e-03
2.269641e+04,8.601825e-03,6.648186e-05,-7.275767e-01,1.003606e-02
2.317308e+04,8.852732e-03,7.543503e-05,-7.451652e-01,9.524222e-03
2.365976e+04,9.094322e-03,1.997978e-04,-7.685342e-01,1.156704e-02
2.415667e+04,9.387944e-03,3.378250e-05,-7.881299e-01,8.112872e-03
2.466401e+04,9.754164e-03,1.642872e-04,-8.005179e-01,1.003174e-02
2.518201e+04,1.005182e-02,6.423688e-05,-8.116817e-01,7.291841e-03
2.571089e+04,1.030073e-02,2.966626e-04,-8.240222e-01,1.288662e-02
2.625087e+04,1.066765e-02,5.432368e-05,-8.325290e-01,9.045494e-03
2.680219e+04,1.089897e-02,3.197426e-04,-8.438263e-01,1.548626e-02
2.736510e+04,1.125715e-02,2.815493e-04,-8.506517e-01,8.153898e-03
2.793982e+04,1.163359e-02,1.035849e-04,-8.594448e-01,5.546651e-03
2.852662e+04,1.198839e-02,8.192386e-05,-8.653697e-01,3.746874e-03
2.912574e+04,1.235060e-02,5.373077e-05,-8.653168e-01,6.447579e-03
2.973744e+04,1.255379e-02,3.673738e-04,-8.671256e-01,1.325236e-02
3.036199e+04,1.292434e-02,1.979757e-04,-8.699480e-01,1.612180e-02
3.099966e+04,1.323463e-02,4.736696e-04,-8.732728e-01,7.208351e-03
3.165072e+04,1.358421e-02,5.899051e-04,-8.760682e-01,2.430694e-02
3.231545e+04,1.395250e-02,5.491794e-04,-8.702510e-01,1.106674e-02
3.299415e+04,1.422415e-02,6.377897e-04,-8.757205e-01,7.387512e-03
3.368709e+04,1.476221e-02,6.181339e-05,-8.707329e-01,4.687896e-03
3.439460e+04,1.508805e-02,1.725728e-04,-8.695747e-01,7.482676e-03
3.511696e+04,1.541467e-02,1.059537e-04,-8.673132e-01,5.764886e-03
3.585449e+04,1.562197e-02,3.966561e-04,-8.621382e-01,2.045695e-02
3.660751e+04,1.615632e-02,4.313784e-05,-8.610757e-01,2.877138e-03
3.737634e+04,1.647811e-02,3.675353e-05,-8.569609e-01,4.511499e-03
3.816133e+04,1.670833e-02,4.683366e-04,-8.543054e-01,1.788087e-02
3.896280e+04,1.718126e-02,5.240321e-05,-8.490677e-01,3.668009e-03
3.978110e+04,1.741425e-02,3.332306e-04,-8.438819e-01,1.209308e-02
4.061659e+04,1.750515e-02,1.147827e-03,-8.384631e-01,8.640510e-03
4.146962e+04,1.813519e-02,7.215568e-05,-8.317261e-01,1.035179e-02
4.234058e+04,1.813729e-02,1.178479e-03,-8.309907e-01,2.584338e-02
4.322982e+04,1.878288e-02,1.729459e-04,-8.201906e-01,7.189354e-03
4.413774e+04,1.918766e-02,2.426857e-05,-8.136756e-01,2.286227e-03
4.506473e+04,1.919176e-02,1.015619e-03,-8.094525e-01,8.147345e-03
4.601118e+04,1.979721e-02,1.125670e-04,-7.998743e-01,5.407663e-03
4.697751e+04,1.969531e-02,1.076961e-03,-7.876671e-01,2.411711e-02
4.796414e+04,2.023938e-02,4.466474e-04,-7.841689e-01,6.835578e-03
4.897149e+04,2.069159e-02,3.553449e-05,-7.771853e-01,5.794189e-03
5.000000e+04,2.105438e-02,3.166600e-05,-7.705930e-01,1.552245e-03
