# RLC
{'R_sense': 10, 'R_circuit': 10, 'C': 4.7e-07, 'L': 0.000221, 'Vpk': 0.6}
1.000000e+02,1.947662e-04,6.553714e-07,-1.531320e+00,6.677418e-03
1.021002e+02,1.990609e-04,1.469261e-06,-1.533449e+00,6.479872e-03
1.042445e+02,2.025971e-04,9.540846e-07,-1.534942e+00,2.633242e-03
1.064339e+02,2.066506e-04,1.711879e-06,-1.531619e+00,5.579707e-03
1.086692e+02,2.108345e-04,1.201345e-06,-1.530295e+00,5.107021e-03
1.109515e+02,2.153097e-04,1.250625e-06,-1.529720e+00,3.540410e-03
1.132817e+02,2.198032e-04,1.187688e-06,-1.528432e+00,4.157185e-03
1.156609e+02,2.244231e-04,1.140137e-06,-1.525635e+00,5.344657e-03
1.180900e+02,2.299040e-04,1.210790e-06,-1.528306e+00,3.262938e-03
1.205702e+02,2.345486e-04,1.050930e-06,-1.525716e+00,5.325486e-03
1.231024e+02,2.389183e-04,1.503016e-06,-1.528301e+00,6.287502e-03
1.256878e+02,2.439727e-04,1.376669e-06,-1.525920e+00,4.036489e-03
1.283275e+02,2.481885e-04,6.796695e-07,-1.527488e+00,5.304008e-03
1.310227e+02,2.537922e-04,1.922989e-06,-1.524585e+00,4.500916e-03
1.337745e+02,2.581535e-04,1.108901e-06,-1.524127e+00,4.998988e-03
1.365840e+02,2.645532e-04,1.384189e-06,-1.524115e+00,6.695929e-03
1.394526e+02,2.705884e-04,9.914585e-07,-1.525841e+00,4.224060e-03
1.423814e+02,2.753225e-04,1.388565e-06,-1.523040e+00,1.670810e-03
1.453717e+02,2.816628e-04,7.998128e-07,-1.524160e+00,4.687885e-03
1.484248e+02,2.872195e-04,1.567750e-06,-1.523321e+00,3.407524e-03
1.515420e+02,2.934876e-04,1.449345e-06,-1.522534e+00,5.665075e-03
1.547247e+02,2.989937e-04,1.044215e-06,-1.522649e+00,3.627852e-03
1.579743e+02,3.051766e-04,1.448319e-06,-1.520385e+00,4.783509e-03
1.612921e+02,3.115202e-04,1.109977e-06,-1.522900e+00,4.183287e-03
1.646796e+02,3.176619e-04,7.521138e-07,-1.521741e+00,3.181895e-03
1.681382e+02,3.251142e-04,1.367265e-06,-1.519372e+00,4.479310e-03
1.716695e+02,3.311930e-04,1.014428e-06,-1.516896e+00,4.545862e-03
1.752749e+02,3.376738e-04,1.575452e-06,-1.518352e+00,4.534072e-03
1.789560e+02,3.444909e-04,1.486879e-06,-1.517767e+00,2.993728e-03
1.827145e+02,3.512346e-04,1.258531e-06,-1.517227e+00,3.452483e-03
1.865519e+02,3.584716e-04,1.160586e-06,-1.516060e+00,3.737975e-03
1.904699e+02,3.663199e-04,1.234517e-06,-1.516596e+00,5.430980e-03
1.944702e+02,3.742771e-04,2.026294e-06,-1.513615e+00,4.567713e-03
1.985545e+02,3.807244e-04,1.670417e-06,-1.514291e+00,2.724261e-03
2.027245e+02,3.897950e-04,1.452163e-06,-1.512959e+00,3.904287e-03
2.069822e+02,3.970684e-04,2.070972e-06,-1.511834e+00,2.877808e-03
2.113292e+02,4.048155e-04,1.375553e-06,-1.510331e+00,2.247048e-03
2.157676e+02,4.136026e-04,8.266878e-07,-1.511882e+00,2.715541e-03
2.202992e+02,4.213193e-04,1.720529e-06,-1.511587e+00,2.246366e-03
2.249260e+02,4.307418e-04,1.163713e-06,-1.508864e+00,2.414759e-03
2.296499e+02,4.393230e-04,1.129785e-06,-1.506210e+00,2.910703e-03
2.344730e+02,4.478502e-04,1.255352e-06,-1.505991e+00,3.652865e-03
2.393975e+02,4.567705e-04,1.181846e-06,-1.506548e+00,4.048856e-03
2.444253e+02,4.669534e-04,1.784320e-06,-1.506273e+00,4.368842e-03
2.495588e+02,4.757461e-04,1.375404e-06,-1.506276e+00,2.507900e-03
2.548000e+02,4.848486e-04,1.253245e-06,-1.503857e+00,3.789450e-03
2.601514e+02,4.948825e-04,1.698941e-06,-1.504353e+00,3.943696e-03
2.656151e+02,5.041574e-04,2.399046e-06,-1.501276e+00,2.217650e-03
2.711936e+02,5.149597e-04,1.517025e-06,-1.500610e+00,1.217096e-03
2.768893e+02,5.259794e-04,1.850773e-06,-1.501833e+00,3.385907e-03
2.827045e+02,5.359882e-04,1.339682e-06,-1.500263e+00,2.413481e-03
2.886419e+02,5.473280e-04,1.508858e-06,-1.499209e+00,2.248504e-03
2.947040e+02,5.590740e-04,1.677520e-06,-1.498319e+00,2.971002e-03
3.008935e+02,5.692093e-04,1.622791e-06,-1.496809e+00,2.379966e-03
3.072129e+02,5.809801e-04,1.366391e-06,-1.495699e+00,2.516417e-03
3.136650e+02,5.918561e-04,1.488634e-06,-1.495441e+00,4.036318e-03
3.202526e+02,6.037294e-04,1.636300e-06,-1.493810e+00,2.672637e-03
3.269786e+02,6.148215e-04,1.642641e-06,-1.492579e+00,1.788985e-03
3.338459e+02,6.272591e-04,1.765372e-06,-1.491964e+00,4.279193e-03
3.408574e+02,6.403170e-04,2.235552e-06,-1.491708e+00,2.968294e-03
3.480161e+02,6.529135e-04,1.716282e-06,-1.489538e+00,2.312683e-03
3.553252e+02,6.660582e-04,1.456651e-06,-1.487310e+00,1.161131e-03
3.627878e+02,6.790775e-04,2.544680e-06,-1.488906e+00,2.523883e-03
3.704071e+02,6.926722e-04,1.486026e-06,-1.487770e+00,2.229769e-03
3.781864e+02,7.066147e-04,2.158237e-06,-1.486839e+00,3.093083e-03
3.861292e+02,7.203524e-04,1.616730e-06,-1.484101e+00,2.704444e-03
3.942387e+02,7.338993e-04,1.591259e-06,-1.484468e+00,2.368756e-03
4.025186e+02,7.485671e-04,1.593063e-06,-1.482759e+00,1.527129e-03
4.109723e+02,7.637090e-04,2.374609e-06,-1.482245e+00,1.965842e-03
4.196036e+02,7.783852e-04,1.503205e-06,-1.480661e+00,2.548745e-03
4.284162e+02,7.933600e-04,1.158541e-06,-1.479664e+00,1.454583e-03
4.374139e+02,8.099268e-04,2.223899e-06,-1.478529e+00,1.683874e-03
4.466005e+02,8.254489e-04,3.034114e-06,-1.477211e+00,2.262202e-03
4.559801e+02,8.414349e-04,1.231824e-06,-1.475610e+00,1.734284e-03
4.655566e+02,8.577217e-04,9.302298e-07,-1.474571e+00,2.202232e-03
4.753343e+02,8.743490e-04,1.536415e-06,-1.473608e+00,2.393958e-03
4.853174e+02,8.914354e-04,1.129506e-06,-1.473421e+00,1.755319e-03
4.955101e+02,9.090176e-04,1.995943e-06,-1.470465e+00,3.658848e-03
5.059168e+02,9.267328e-04,2.102180e-06,-1.469561e+00,1.206367e-03
5.165422e+02,9.443394e-04,1.620467e-06,-1.469422e+00,2.069079e-03
5.273907e+02,9.627869e-04,1.590690e-06,-1.467435e+00,1.810302e-03
5.384670e+02,9.820820e-04,2.758312e-06,-1.467121e+00,8.797233e-04
5.497760e+02,1.002627e-03,1.675899e-06,-1.464949e+00,2.421462e-03
5.613224e+02,1.020841e-03,2.854363e-06,-1.464025e+00,2.032586e-03
5.731114e+02,1.040414e-03,2.818488e-06,-1.462431e+00,2.003252e-03
5.851480e+02,1.061370e-03,2.521808e-06,-1.462357e+00,1.775666e-03
5.974374e+02,1.082644e-03,4.134244e-06,-1.460295e+00,3.035611e-03
6.099848e+02,1.102996e-03,2.038549e-06,-1.459312e+00,1.765384e-03
6.227958e+02,1.123914e-03,3.076547e-06,-1.458689e+00,2.086626e-03
6.358759e+02,1.146306e-03,1.742298e-06,-1.457226e+00,1.728186e-03
6.492306e+02,1.167718e-03,2.148917e-06,-1.455153e+00,2.038811e-03
6.628659e+02,1.191695e-03,2.922940e-06,-1.452956e+00,1.714851e-03
6.767875e+02,1.214009e-03,2.031178e-06,-1.454168e+00,1.579755e-03
6.910015e+02,1.238655e-03,3.815169e-06,-1.451470e+00,1.659839e-03
7.055140e+02,1.262389e-03,2.212110e-06,-1.450647e+00,2.758504e-03
7.203313e+02,1.287871e-03,1.453279e-06,-1.448990e+00,1.546798e-03
7.354598e+02,1.311972e-03,3.773528e-06,-1.447137e+00,1.330212e-03
7.509060e+02,1.336891e-03,2.408109e-06,-1.447904e+00,1.665125e-03
7.666767e+02,1.362784e-03,2.149941e-06,-1.445458e+00,2.388741e-03
7.827785e+02,1.389660e-03,1.380012e-06,-1.442594e+00,1.685093e-03
7.992185e+02,1.416819e-03,3.618488e-06,-1.441729e+00,1.700762e-03
8.160039e+02,1.443970e-03,3.600142e-06,-1.440296e+00,1.867889e-03
8.331417e+02,1.472599e-03,2.032296e-06,-1.439251e+00,2.074395e-03
8.506394e+02,1.500920e-03,2.798907e-06,-1.438297e+00,3.189732e-03
8.685047e+02,1.531482e-03,1.330675e-06,-1.435613e+00,1.384642e-03
8.867452e+02,1.559825e-03,3.630102e-06,-1.434323e+00,2.615710e-03
9.053687e+02,1.591416e-03,2.979150e-06,-1.432866e+00,2.208368e-03
9.243834e+02,1.622487e-03,2.807684e-06,-1.431331e+00,1.567151e-03
9.437974e+02,1.651834e-03,5.000008e-06,-1.430246e+00,1.760239e-03
9.636192e+02,1.686697e-03,2.937089e-06,-1.428742e+00,3.102005e-03
9.838573e+02,1.717958e-03,5.923575e-06,-1.426221e+00,2.334868e-03
1.004520e+03,1.752232e-03,3.395652e-06,-1.424962e+00,1.761907e-03
1.025617e+03,1.784646e-03,5.125773e-06,-1.423768e+00,1.511455e-03
1.047158e+03,1.821344e-03,3.206199e-06,-1.421082e+00,2.843065e-03
1.069150e+03,1.856400e-03,2.185986e-06,-1.419136e+00,2.332533e-03
1.091605e+03,1.892052e-03,5.774663e-06,-1.418375e+00,8.661984e-04
1.114531e+03,1.928649e-03,4.287900e-06,-1.416199e+00,1.394589e-03
1.137938e+03,1.966643e-03,2.332638e-06,-1.415347e+00,1.365782e-03
1.161837e+03,2.006300e-03,5.122427e-06,-1.412517e+00,2.151765e-03
1.186238e+03,2.046561e-03,4.619563e-06,-1.410670e+00,2.305509e-03
1.211152e+03,2.086077e-03,1.489762e-06,-1.408295e+00,1.176401e-03
1.236589e+03,2.126947e-03,4.816326e-06,-1.407411e+00,1.632293e-03
1.262560e+03,2.169220e-03,8.351765e-06,-1.404923e+00,1.105416e-03
1.289076e+03,2.213013e-03,7.502134e-06,-1.403505e+00,9.879017e-04
1.316150e+03,2.256282e-03,2.449698e-06,-1.401342e+00,1.833078e-03
1.343792e+03,2.302014e-03,4.626851e-06,-1.398658e+00,1.769269e-03
1.372014e+03,2.345095e-03,3.627132e-06,-1.396874e+00,2.034669e-03
1.400829e+03,2.392892e-03,6.954684e-06,-1.395806e+00,5.396205e-03
1.430250e+03,2.438585e-03,7.844861e-06,-1.393277e+00,1.025162e-03
1.460288e+03,2.486655e-03,5.880756e-06,-1.389217e+00,1.711556e-03
1.490957e+03,2.537415e-03,6.558392e-06,-1.388709e+00,1.111111e-03
1.522271e+03,2.585262e-03,2.428429e-06,-1.386417e+00,5.959476e-04
1.554242e+03,2.637936e-03,8.102198e-06,-1.383695e+00,1.892228e-03
1.586884e+03,2.691047e-03,6.466346e-06,-1.381164e+00,1.666179e-03
1.620212e+03,2.741445e-03,3.441962e-06,-1.378611e+00,3.556549e-03
1.654240e+03,2.796880e-03,5.644701e-06,-1.376785e+00,3.005546e-03
1.688983e+03,2.851632e-03,6.735374e-06,-1.374001e+00,2.528009e-03
1.724455e+03,2.909750e-03,3.573020e-06,-1.371352e+00,7.451876e-04
1.760672e+03,2.963020e-03,3.120519e-06,-1.368544e+00,1.215915e-03
1.797650e+03,3.023054e-03,4.378866e-06,-1.366104e+00,3.918289e-03
1.835404e+03,3.083374e-03,7.220859e-06,-1.363760e+00,1.549688e-03
1.873952e+03,3.141086e-03,8.507473e-06,-1.361236e+00,3.189563e-03
1.913309e+03,3.204106e-03,5.398659e-06,-1.358517e+00,1.402215e-03
1.953492e+03,3.270002e-03,1.129813e-05,-1.355746e+00,1.463786e-03
1.994520e+03,3.331576e-03,5.057528e-06,-1.352663e+00,1.821951e-03
2.036409e+03,3.396802e-03,3.863722e-06,-1.349619e+00,9.481729e-04
2.079178e+03,3.462309e-03,6.611359e-06,-1.346834e+00,2.210574e-03
2.122845e+03,3.533380e-03,8.725295e-06,-1.343728e+00,2.212918e-03
2.167430e+03,3.601599e-03,8.299643e-06,-1.340475e+00,1.789018e-03
2.212950e+03,3.672085e-03,1.459423e-05,-1.337329e+00,1.948582e-03
2.259427e+03,3.743045e-03,9.265345e-06,-1.334533e+00,4.563758e-03
2.306880e+03,3.817234e-03,1.191504e-05,-1.330596e+00,3.329213e-03
2.355329e+03,3.892386e-03,1.109825e-05,-1.327394e+00,3.013934e-03
2.404796e+03,3.993351e-03,4.821315e-05,-1.316775e+00,2.142343e-02
2.455302e+03,4.049187e-03,5.516679e-06,-1.320794e+00,1.332609e-03
2.506869e+03,4.132690e-03,1.095123e-05,-1.316855e+00,3.757348e-03
2.559518e+03,4.211257e-03,1.152868e-05,-1.313796e+00,2.165436e-03
2.613274e+03,4.296300e-03,1.735268e-05,-1.309689e+00,2.564192e-03
2.668158e+03,4.385984e-03,1.784951e-05,-1.306261e+00,2.320876e-03
2.724195e+03,4.472804e-03,1.377966e-05,-1.302198e+00,3.981829e-03
2.781409e+03,4.564187e-03,1.779468e-05,-1.298336e+00,3.858250e-03
2.839825e+03,4.657508e-03,1.153318e-05,-1.294693e+00,4.875958e-03
2.899467e+03,4.746949e-03,1.453020e-05,-1.290284e+00,3.205264e-03
2.960362e+03,4.845653e-03,1.205987e-05,-1.286317e+00,1.749155e-03
3.022536e+03,4.942107e-03,5.141211e-06,-1.281472e+00,9.395673e-04
3.086016e+03,5.040590e-03,7.793973e-06,-1.278048e+00,1.553534e-03
3.150829e+03,5.145373e-03,1.556464e-05,-1.272634e+00,1.938695e-03
3.217003e+03,5.247294e-03,2.403440e-05,-1.267741e+00,3.384462e-03
3.284567e+03,5.347005e-03,3.045854e-05,-1.264002e+00,5.821860e-03
3.353550e+03,5.456593e-03,3.247549e-05,-1.259514e+00,6.103083e-03
3.423982e+03,5.564108e-03,3.913484e-05,-1.255347e+00,7.425439e-03
3.495893e+03,5.676295e-03,6.606377e-05,-1.250175e+00,5.718368e-03
3.569314e+03,5.788177e-03,6.200063e-05,-1.244010e+00,1.095661e-02
3.644277e+03,5.903803e-03,6.861984e-05,-1.240415e+00,1.334804e-02
3.720815e+03,6.017166e-03,8.447637e-05,-1.235706e+00,1.298041e-02
3.798960e+03,6.145812e-03,7.054137e-05,-1.228623e+00,1.259839e-02
3.878746e+03,6.259501e-03,5.638686e-05,-1.220970e+00,9.450596e-03
3.960208e+03,6.357859e-03,6.815141e-05,-1.212074e+00,1.156416e-02
4.043381e+03,6.617493e-03,3.157068e-06,-1.201294e+00,1.364546e-03
4.128301e+03,6.687381e-03,5.226665e-05,-1.201532e+00,8.953915e-03
4.215004e+03,6.762159e-03,6.836210e-05,-1.198891e+00,9.399518e-03
4.303528e+03,6.918093e-03,7.042440e-05,-1.191393e+00,1.024777e-02
4.393912e+03,7.036601e-03,6.395555e-05,-1.186938e+00,9.109014e-03
4.486193e+03,7.190607e-03,7.180944e-05,-1.180286e+00,9.802484e-03
4.580413e+03,7.331185e-03,6.155744e-05,-1.172968e+00,6.303998e-03
4.676611e+03,7.481792e-03,5.661206e-05,-1.167051e+00,8.276387e-03
4.774830e+03,7.630059e-03,4.713437e-05,-1.159048e+00,7.607654e-03
4.875112e+03,7.787790e-03,5.942593e-05,-1.152872e+00,3.018749e-03
4.977500e+03,7.940955e-03,5.135731e-05,-1.145800e+00,5.769976e-03
5.082038e+03,8.103894e-03,4.515471e-05,-1.137262e+00,5.047735e-03
5.188772e+03,8.275843e-03,4.549527e-05,-1.130161e+00,4.434317e-03
5.297747e+03,8.437061e-03,4.267797e-05,-1.121871e+00,4.541452e-03
5.409011e+03,8.613820e-03,4.333486e-05,-1.114371e+00,3.802161e-03
5.522612e+03,8.786740e-03,4.170106e-05,-1.105474e+00,4.598404e-03
5.638599e+03,8.972663e-03,3.049029e-05,-1.096844e+00,3.831761e-03
5.757021e+03,9.151464e-03,2.846573e-05,-1.088165e+00,2.642730e-03
5.877931e+03,9.345788e-03,1.813080e-05,-1.079073e+00,2.078671e-03
6.001380e+03,9.521858e-03,4.566007e-06,-1.069387e+00,3.222847e-03
6.127422e+03,9.722352e-03,1.148023e-05,-1.060379e+00,2.855796e-03
6.256111e+03,9.923328e-03,2.545510e-05,-1.049985e+00,2.822125e-03
6.387503e+03,1.012748e-02,3.851477e-05,-1.039806e+00,3.869689e-03
6.521654e+03,1.033188e-02,4.206152e-05,-1.028934e+00,5.865900e-03
6.658623e+03,1.055363e-02,5.998814e-05,-1.018766e+00,7.367566e-03
6.798468e+03,1.077231e-02,7.924620e-05,-1.006589e+00,7.023746e-03
6.941251e+03,1.098406e-02,7.620483e-05,-9.956634e-01,8.163598e-03
7.087032e+03,1.120643e-02,9.090136e-05,-9.829590e-01,9.858440e-03
7.235875e+03,1.143833e-02,1.306013e-04,-9.704710e-01,8.127997e-03
7.387844e+03,1.166037e-02,1.331804e-04,-9.582961e-01,1.027397e-02
7.543004e+03,1.190303e-02,1.287676e-04,-9.449447e-01,1.151764e-02
7.701424e+03,1.218176e-02,1.364788e-04,-9.307238e-01,1.058723e-02
7.863170e+03,1.241047e-02,1.439866e-04,-9.176303e-01,1.263907e-02
8.028313e+03,1.262638e-02,7.339884e-05,-8.897888e-01,1.885274e-03
8.196925e+03,1.295375e-02,1.123526e-04,-8.779593e-01,4.506951e-03
8.369078e+03,1.314721e-02,1.386137e-04,-8.745171e-01,9.224615e-03
8.544847e+03,1.338320e-02,1.206953e-04,-8.577050e-01,9.902351e-03
8.724307e+03,1.366314e-02,1.238254e-04,-8.415952e-01,1.232352e-02
8.907536e+03,1.392978e-02,1.216254e-04,-8.253590e-01,8.308366e-03
9.094614e+03,1.420313e-02,1.600459e-04,-8.076642e-01,7.350669e-03
9.285620e+03,1.450479e-02,1.040236e-04,-7.899649e-01,7.205889e-03
9.480638e+03,1.479072e-02,1.081794e-04,-7.728680e-01,9.074486e-03
9.679752e+03,1.505489e-02,8.732567e-05,-7.521089e-01,5.895252e-03
9.883047e+03,1.534405e-02,1.246793e-04,-7.324241e-01,4.827142e-03
1.009061e+04,1.564539e-02,7.092357e-05,-7.114435e-01,6.171776e-03
1.030254e+04,1.594641e-02,7.460576e-05,-6.906073e-01,3.934537e-03
1.051891e+04,1.622652e-02,6.935928e-05,-6.688593e-01,4.634028e-03
1.073983e+04,1.651148e-02,7.652202e-05,-6.455262e-01,3.964838e-03
1.096539e+04,1.679095e-02,5.598803e-05,-6.225719e-01,3.267136e-03
1.119569e+04,1.710363e-02,4.392180e-05,-5.985266e-01,2.920561e-03
1.143082e+04,1.736568e-02,3.881165e-05,-5.733307e-01,2.146219e-03
1.167089e+04,1.766859e-02,3.201280e-05,-5.472239e-01,1.777561e-03
1.191601e+04,1.792628e-02,6.323921e-05,-5.226580e-01,4.439772e-03
1.216627e+04,1.828456e-02,2.436814e-05,-4.931485e-01,3.946978e-03
1.242179e+04,1.844944e-02,7.508687e-05,-4.644261e-01,3.681219e-03
1.268267e+04,1.870194e-02,1.281486e-04,-4.358956e-01,1.961457e-03
1.294903e+04,1.893581e-02,8.011846e-05,-4.067972e-01,3.997829e-03
1.322099e+04,1.915158e-02,1.452457e-04,-3.754645e-01,2.302469e-03
1.349866e+04,1.940389e-02,7.464807e-05,-3.454281e-01,4.450030e-03
1.378216e+04,1.957702e-02,1.068578e-04,-3.132844e-01,3.185769e-03
1.407162e+04,1.978652e-02,1.054698e-04,-2.815128e-01,6.665929e-03
1.436715e+04,1.993813e-02,2.511406e-04,-2.481656e-01,5.203529e-03
1.466889e+04,2.009143e-02,1.709477e-04,-2.137999e-01,5.135947e-03
1.497697e+04,2.027469e-02,1.083498e-04,-1.804514e-01,4.905021e-03
1.529152e+04,2.037816e-02,1.193334e-04,-1.442604e-01,4.967842e-03
1.561267e+04,2.046718e-02,1.091465e-04,-1.096704e-01,5.625490e-03
1.594057e+04,2.042610e-02,4.387062e-05,-7.395956e-02,4.997754e-03
1.627536e+04,2.069092e-02,3.946098e-05,-4.350605e-02,4.091312e-03
1.661718e+04,2.055450e-02,2.043349e-04,-1.747385e-03,4.675840e-03
1.696617e+04,2.058480e-02,1.308562e-04,3.255692e-02,5.454751e-03
1.732250e+04,2.058748e-02,9.965210e-05,6.827585e-02,5.870078e-03
1.768631e+04,2.048738e-02,2.417613e-04,1.048492e-01,5.197625e-03
1.805776e+04,2.048372e-02,1.036500e-04,1.389508e-01,5.967138e-03
1.843701e+04,2.032678e-02,2.213186e-04,1.747849e-01,5.423218e-03
1.882423e+04,2.026797e-02,9.191575e-05,2.107042e-01,4.676935e-03
1.921958e+04,2.015400e-02,6.342458e-05,2.453399e-01,4.891787e-03
1.962323e+04,1.989166e-02,2.700045e-04,2.783835e-01,4.215273e-03
2.003536e+04,1.975688e-02,5.947616e-05,3.149393e-01,4.071647e-03
2.045615e+04,1.956757e-02,3.246061e-04,3.474129e-01,4.201871e-03
2.088577e+04,1.935735e-02,2.215980e-04,3.768736e-01,4.580968e-03
2.132442e+04,1.912356e-02,9.760853e-05,4.074654e-01,7.509665e-03
2.177227e+04,1.889245e-02,1.477138e-04,4.389478e-01,8.320108e-03
2.222954e+04,1.872130e-02,7.975996e-05,4.698910e-01,1.783048e-03
2.269641e+04,1.846413e-02,8.065061e-05,4.996281e-01,4.939289e-03
2.317308e+04,1.818200e-02,9.018780e-05,5.293298e-01,4.516539e-03
2.365976e+04,1.778104e-02,4.716082e-04,5.573544e-01,1.060325e-02
2.415667e+04,1.772236e-02,9.142585e-05,5.835186e-01,3.434152e-03
2.466401e+04,1.724039e-02,2.652038e-04,6.082967e-01,5.437529e-03
2.518201e+04,1.708659e-02,7.225326e-05,6.351967e-01,5.415315e-03
2.571089e+04,1.669417e-02,3.452359e-04,6.590646e-01,4.690151e-03
2.625087e+04,1.648054e-02,1.391166e-04,6.840050e-01,2.991349e-03
2.680219e+04,1.606076e-02,2.428700e-04,7.080893e-01,5.846508e-03
2.736510e+04,1.582307e-02,1.125710e-04,7.295501e-01,8.131123e-03
2.793982e+04,1.558401e-02,2.449289e-04,7.519551e-01,4.173153e-03
2.852662e+04,1.534515e-02,5.619206e-05,7.716840e-01,3.820601e-03
2.912574e+04,1.504192e-02,6.982120e-05,7.942366e-01,4.137636e-03
2.973744e+04,1.459830e-02,2.648538e-04,8.125765e-01,1.930577e-02
3.036199e+04,1.432463e-02,5.088122e-04,8.348712e-01,1.478423e-02
3.099966e+04,1.404700e-02,2.067241e-04,8.512337e-01,8.655432e-03
3.165072e+04,1.375290e-02,5.100140e-04,8.650282e-01,1.172503e-02
3.231545e+04,1.340523e-02,5.124298e-04,8.809836e-01,1.174574e-02
3.299415e+04,1.313750e-02,4.865492e-04,9.037284e-01,1.960379e-02
3.368709e+04,1.306412e-02,5.911367e-05,9.191896e-01,6.611399e-03
3.439460e+04,1.276918e-02,9.670605e-05,9.351067e-01,5.468999e-03
3.511696e+04,1.245970e-02,2.083247e-04,9.526374e-01,1.522905e-02
3.585449e+04,1.211233e-02,3.966259e-04,9.691883e-01,1.462675e-02
3.660751e+04,1.202191e-02,4.936209e-05,9.803879e-01,3.081887e-03
3.737634e+04,1.175331e-02,3.968533e-05,9.945379e-01,6.860316e-03
3.816133e+04,1.143736e-02,2.224659e-04,1.006006e+00,1.996617e-02
3.896280e+04,1.128377e-02,4.223980e-05,1.019968e+00,4.501612e-03
3.978110e+04,1.097366e-02,2.043041e-04,1.036080e+00,1.730225e-02
4.061659e+04,1.062657e-02,4.609333e-04,1.046687e+00,1.669851e-02
4.146962e+04,1.055929e-02,1.506158e-04,1.056761e+00,9.532536e-03
4.234058e+04,1.019142e-02,4.408719e-04,1.067252e+00,1.534168e-02
4.322982e+04,1.012750e-02,8.328243e-05,1.080389e+00,9.301236e-03
4.413774e+04,9.954778e-03,5.763144e-05,1.090698e+00,2.464333e-03
4.506473e+04,9.609214e-03,3.709262e-04,1.106243e+00,2.186532e-02
4.601118e+04,9.526094e-03,2.291483e-05,1.112224e+00,3.208349e-03
4.697751e+04,9.098810e-03,6.652155e-04,1.130219e+00,3.689565e-02
4.796414e+04,9.042171e-03,1.886546e-04,1.131574e+00,1.341296e-02
4.897149e+04,8.922342e-03,6.366635e-05,1.142659e+00,1.198811e-02
5.000000e+04,8.757212e-03,3.660675e-05,1.150365e+00,6.570517e-03
